Case #1: 40.0 60.0
Case #2: 37.7525512861 50.0 62.2474487139
Case #3: 50.0000000000000000
Case #4: 50.0000000000000000 50.0000000000000000
Case #5: 50.0000000000000000 50.0000000000000000 50.0000000000000000 50.0000000000000000 50.0000000000000000
Case #6: -49.4987437107 51.0050378153 51.0050378153 51.0050378153 51.0050378153 51.0050378153 51.0050378153 51.0050378153 51.0050378153 51.0050378153 51.0050378153 51.0050378153 51.0050378153 51.0050378153 51.0050378153 51.0050378153 51.0050378153 51.0050378153 51.0050378153 51.0050378153 51.0050378153 51.0050378153 51.0050378153 51.0050378153 51.0050378153 51.0050378153 51.0050378153 51.0050378153 51.0050378153 51.0050378153 51.0050378153 51.0050378153 51.0050378153 51.0050378153 51.0050378153 51.0050378153 51.0050378153 51.0050378153 51.0050378153 51.0050378153 51.0050378153 51.0050378153 51.0050378153 51.0050378153 51.0050378153 51.0050378153 51.0050378153 51.0050378153 51.0050378153 51.0050378153 51.0050378153 51.0050378153 51.0050378153 51.0050378153 51.0050378153 51.0050378153 51.0050378153 51.0050378153 51.0050378153 51.0050378153 51.0050378153 51.0050378153 51.0050378153 51.0050378153 51.0050378153 51.0050378153 51.0050378153 51.0050378153 51.0050378153 51.0050378153 51.0050378153 51.0050378153 51.0050378153 51.0050378153 51.0050378153 51.0050378153 51.0050378153 51.0050378153 51.0050378153 51.0050378153 51.0050378153 51.0050378153 51.0050378153 51.0050378153 51.0050378153 51.0050378153 51.0050378153 51.0050378153 51.0050378153 51.0050378153 51.0050378153 51.0050378153 51.0050378153 51.0050378153 51.0050378153 51.0050378153 51.0050378153 51.0050378153 51.0050378153 51.0050378153
Case #7: 149.498743711 48.9949621847 48.9949621847 48.9949621847 48.9949621847 48.9949621847 48.9949621847 48.9949621847 48.9949621847 48.9949621847 48.9949621847 48.9949621847 48.9949621847 48.9949621847 48.9949621847 48.9949621847 48.9949621847 48.9949621847 48.9949621847 48.9949621847 48.9949621847 48.9949621847 48.9949621847 48.9949621847 48.9949621847 48.9949621847 48.9949621847 48.9949621847 48.9949621847 48.9949621847 48.9949621847 48.9949621847 48.9949621847 48.9949621847 48.9949621847 48.9949621847 48.9949621847 48.9949621847 48.9949621847 48.9949621847 48.9949621847 48.9949621847 48.9949621847 48.9949621847 48.9949621847 48.9949621847 48.9949621847 48.9949621847 48.9949621847 48.9949621847 48.9949621847 48.9949621847 48.9949621847 48.9949621847 48.9949621847 48.9949621847 48.9949621847 48.9949621847 48.9949621847 48.9949621847 48.9949621847 48.9949621847 48.9949621847 48.9949621847 48.9949621847 48.9949621847 48.9949621847 48.9949621847 48.9949621847 48.9949621847 48.9949621847 48.9949621847 48.9949621847 48.9949621847 48.9949621847 48.9949621847 48.9949621847 48.9949621847 48.9949621847 48.9949621847 48.9949621847 48.9949621847 48.9949621847 48.9949621847 48.9949621847 48.9949621847 48.9949621847 48.9949621847 48.9949621847 48.9949621847 48.9949621847 48.9949621847 48.9949621847 48.9949621847 48.9949621847 48.9949621847 48.9949621847 48.9949621847 48.9949621847 48.9949621847
Case #8: 50.0000000000000000
Case #9: 50.0000000000000000
Case #10: 50.0000000000000000
Case #11: 50.0000000000000000
Case #12: 50.0000000000000000
Case #13: 50.0000000000000000
Case #14: 50.0000000000000000
Case #15: 50.0000000000000000
Case #16: 50.0000000000000000
Case #17: 50.0000000000000000
Case #18: 50.0000000000000000
Case #19: 43.2228422222 40.5348272384 65.7349677112 36.5028047628 48.9348740627 36.1668028898 56.662917141 59.0149302518 51.2868871735 35.1587972709 65.3989658383 45.574855333 32.4707822871 62.3749489815 59.0149302518 52.6308946654 60.3589377437 50.6148834275 32.4707822871 40.1988253654 60.6949396167 52.6308946654 37.8468122546 63.3829546004 59.0149302518 47.5908665708 62.7109508545 59.6869339978 36.5028047628 42.2148366033 64.7269620923 59.0149302518 47.5908665708 42.2148366033 43.5588440951 57.6709227599 57.334920887 46.2468590789 46.2468590789 56.998919014 41.2068309843 34.8227953979 58.0069246329 58.6789283788 48.5988721897 37.8468122546 64.7269620923 34.8227953979 46.9188628249 57.6709227599 61.7029452356 51.6228890465 38.1828141276 63.0469527275 51.9588909194 53.9749021572 42.8868403492 43.2228422222 53.6389002843 48.9348740627 66.0709695842 50.2788815546 33.142786033 48.9348740627 47.5908665708 42.8868403492 64.0549583464 57.334920887 55.6549115221 59.3509321248 51.2868871735 43.8948459681 63.7189564734 36.8388066357 36.8388066357 41.2068309843 56.326915268 42.8868403492 65.3989658383 33.142786033 35.8308010168 63.0469527275 38.8548178736 47.2548646978 41.8788347303 60.6949396167 53.9749021572 63.3829546004 62.3749489815 44.5668497141 34.4867935249 41.2068309843 36.1668028898 54.3109040302 62.0389471086 40.1988253654 53.6389002843 47.9268684438 47.5908665708 63.0469527275
Case #20: 63.8431687988 43.3053256419 59.5368468466 41.9803035028 66.4932130772 45.6241143854 37.0114704809 54.23675829 47.2803920594 37.6739815505 53.9055027552 54.23675829 52.580480616 62.5181466597 56.2242914987 40.3240258288 59.2055913118 33.698915133 36.3489594113 63.5119132641 56.2242914987 63.1806577293 37.6739815505 62.8494021945 40.6552813636 41.9803035028 58.874335777 44.9616033159 66.1619575424 60.5306134509 53.5742472204 46.9491365246 34.3614262026 42.6428145723 40.6552813636 60.5306134509 61.8556355901 54.8992693595 57.8805691726 37.3427260157 66.4932130772 45.6241143854 51.9179695464 35.355192807 55.5617804291 38.0052370853 35.355192807 38.0052370853 48.9366697333 46.9491365246 34.3614262026 41.649047968 60.5306134509 42.3115590375 45.9553699202 46.9491365246 37.3427260157 39.992770294 49.2679252681 40.6552813636 51.2554584769 42.3115590375 51.2554584769 59.2055913118 61.1931245205 64.1744243336 66.1619575424 42.9740701071 65.168190938 40.6552813636 43.6365811767 65.4994464728 39.6615147592 38.3364926201 64.5056798684 37.0114704809 56.2242914987 34.0301706678 51.2554584769 58.5430802422 57.2180581031 50.2616918725 38.9990036896 36.6802149461 60.8618689857 62.1868911249 52.580480616 48.9366697333 46.9491365246 60.8618689857 58.5430802422 52.2492250812 60.8618689857 43.3053256419 42.3115590375 59.8681023814 39.992770294 55.8930359639 39.992770294 63.8431687988
Case #21: 44.0645791176 38.0826319797 48.3848742728 62.3427509278 60.6810989451 37.4179711866 57.6901253762 43.067587928 34.7593280142 43.3999183245 50.0465262555 37.4179711866 52.7051694279 47.3878830831 53.7021606176 49.3818654624 53.0374998245 60.6810989451 60.6810989451 48.3848742728 48.0525438762 49.714195859 35.7563192039 52.3728390314 35.7563192039 47.7202134797 41.0736055487 47.3878830831 65.6660548933 42.7352575314 49.0495350659 64.0044029106 35.0916584108 44.7292399107 48.7172046693 34.7593280142 61.6780901347 52.0405086348 40.7412751521 57.3577949796 35.0916584108 55.3638126003 39.4119535659 52.3728390314 49.0495350659 54.6991518072 56.0284733934 65.6660548933 42.7352575314 55.3638126003 42.0705967383 67.6600372726 65.9983852899 58.0224557727 62.3427509278 40.4089447556 60.6810989451 43.067587928 63.672072514 36.7533103935 37.7503015832 58.3547861692 40.4089447556 36.7533103935 44.7292399107 62.0104205313 39.0796231694 49.0495350659 67.3277068761 41.0736055487 52.0405086348 63.3397421175 54.3668214107 36.0886496004 49.3818654624 36.420979997 58.3547861692 58.3547861692 46.0585614969 64.0044029106 67.6600372726 48.3848742728 36.0886496004 58.6871165658 59.3517773589 34.7593280142 66.663046083 47.7202134797 49.3818654624 41.0736055487 40.4089447556 40.7412751521 39.0796231694 64.0044029106 41.0736055487 59.3517773589 49.714195859 43.7322487211 66.663046083 66.3307156864
Case #22: 57.8633899817 60.2607649761 44.5065864414 41.0817650208 42.451693589 44.8490685834 66.0829613911 41.0817650208 61.6306935443 63.3431042546 46.5614792937 64.7130328229 35.6020507478 39.0268721684 51.6987114246 45.8765150096 52.3836757087 59.2333185499 45.5340328675 64.3705506808 41.0817650208 60.2607649761 39.3693543105 49.6438185723 44.1641042993 39.0268721684 49.9863007143 57.5209078396 34.2321221796 35.2595686058 57.1784256976 35.2595686058 37.6569436002 46.9039614358 56.4934614135 52.3836757087 58.8908364079 63.0006221126 44.8490685834 53.753604277 51.6987114246 55.8084971293 62.6581399705 61.9731756864 52.0411935667 66.0829613911 40.0543185946 52.7261578508 42.7941757311 44.8490685834 44.8490685834 60.2607649761 65.397997107 60.2607649761 40.0543185946 45.5340328675 36.2870150319 55.8084971293 41.4242471628 53.753604277 47.2464435778 66.4254435332 66.7679256752 51.6987114246 65.7404792491 37.9994257422 33.2046757534 40.7392828787 57.1784256976 42.451693589 56.8359435555 57.5209078396 34.5746043216 41.0817650208 36.2870150319 47.5889257199 62.6581399705 66.4254435332 33.8896400375 40.3968007366 49.6438185723 54.096086419 49.6438185723 55.8084971293 59.2333185499 47.931407862 41.0817650208 34.2321221796 35.9445328899 45.1915507255 53.753604277 50.3287828564 39.7118364525 66.0829613911 67.1104078173 55.1235328452 60.9457292602 53.0686399929 39.3693543105 35.6020507478
Case #23: 55.4668705141 42.0642202214 49.8236493383 47.7074413973 67.1060141894 42.4169215449 48.4128440443 54.4087665437 65.3425075719 38.5372069865 41.3588175744 43.4750255154 50.1763506617 50.8817533087 62.8735983075 51.9398572792 61.11009169 51.5871559557 51.9398572792 32.1885831636 41.7115188979 39.2426096335 54.0560652202 38.88990831 40.300713604 44.1804281624 48.4128440443 64.6371049249 61.11009169 38.184505663 33.9520897811 41.0061162509 43.4750255154 63.5790009545 43.4750255154 39.2426096335 39.595310957 37.8318043395 45.9439347798 36.068297722 52.6452599262 41.7115188979 45.5912334563 63.931702278 35.3628950751 63.931702278 32.8939858106 54.7614678671 49.8236493383 56.1722731611 54.4087665437 36.4209990455 66.0479102189 45.9439347798 64.2844036014 50.1763506617 55.4668705141 63.226299631 65.6952088954 40.6534149274 61.815494337 64.9898062484 62.8735983075 52.6452599262 55.4668705141 65.3425075719 58.9938837491 40.6534149274 49.8236493383 44.5331294859 54.7614678671 38.184505663 37.1264016925 56.5249744846 37.479103016 56.5249744846 56.1722731611 56.1722731611 32.1885831636 41.7115188979 41.3588175744 43.4750255154 54.0560652202 45.5912334563 43.1223241919 64.2844036014 56.8776758081 35.3628950751 62.1681956605 42.0642202214 66.0479102189 34.6574924281 52.9979612497 42.0642202214 54.7614678671 64.2844036014 66.0479102189 55.8195718376 56.1722731611 51.9398572792
Case #24: 46.0730509274 49.1489901488 53.5920134685 51.1996162963 34.4528360913 36.1616912142 46.414821952 36.1616912142 64.87045728 59.4021208866 32.7439809683 42.6553406815 61.1109760095 33.7692940421 56.6679526898 61.7945180587 58.3768078128 60.7692049849 66.2375413784 52.9084714193 58.7185788374 56.6679526898 35.478149165 45.0477378536 47.0983640012 51.5413873209 65.8957703538 53.9337844931 46.414821952 66.2375413784 40.2629435093 34.7946071159 44.0224247799 51.5413873209 46.414821952 42.6553406815 42.6553406815 34.4528360913 65.8957703538 50.8578452717 39.5794014602 57.0097237144 57.351494739 49.1489901488 42.6553406815 54.9590975668 35.1363781405 66.579312403 52.2249293701 46.0730509274 37.8705463372 43.6806537553 47.0983640012 47.0983640012 53.2502424439 54.9590975668 59.060349862 41.9717986323 38.2123173618 60.4274339603 64.1869152309 60.4274339603 53.9337844931 65.2122283046 60.0856629357 65.5539993292 60.4274339603 41.2882565831 37.187004288 48.123677075 57.351494739 58.0350367882 64.1869152309 53.5920134685 45.0477378536 57.6932657636 64.5286862554 36.5034622388 51.5413873209 50.1743032225 36.1616912142 66.2375413784 37.187004288 53.9337844931 59.7438919111 37.187004288 39.5794014602 57.0097237144 53.2502424439 34.1110650667 40.2629435093 59.060349862 62.8198311325 41.2882565831 46.0730509274 52.9084714193 42.3135696569 39.2376304356 33.4275230175 43.6806537553
Case #25: 50.0648544435 35.1483324356 37.093965741 51.3619433138 64.6571042338 59.7930209704 52.0104877489 66.6027375392 46.8221322679 49.7405822259 48.7677655733 47.470676703 35.1483324356 61.0901098406 60.7658376231 45.8493156152 43.2551378747 56.2260265772 60.4415654055 56.8745710123 42.282321222 37.093965741 58.1716598826 61.0901098406 42.282321222 48.7677655733 57.1988432299 38.0667823937 52.9833044016 58.4959321001 67.5755541919 39.0395990464 41.3095045693 43.2551378747 45.5250433976 65.305648669 53.3075766191 59.7930209704 59.7930209704 67.2512819743 51.3619433138 38.0667823937 54.928937707 41.3095045693 66.9270097568 38.7153268288 56.8745710123 54.2803932718 37.7425101761 66.6027375392 60.7658376231 47.7949489206 49.0920377908 64.6571042338 51.0376710962 38.0667823937 50.3891266611 36.4454213059 44.8764989625 40.0124156991 66.2784653217 40.6609601342 46.4978600503 66.6027375392 67.5755541919 42.6065934396 37.4182379586 47.1464044854 61.0901098406 51.3619433138 39.0395990464 65.9541931041 63.3600153636 65.305648669 40.6609601342 40.0124156991 40.0124156991 46.1735878328 64.9813764514 42.9308656571 42.282321222 39.6881434815 38.3910546113 43.9036823098 38.0667823937 37.7425101761 66.6027375392 58.1716598826 49.4163100084 52.3347599665 47.1464044854 46.1735878328 41.6337767869 39.0395990464 49.0920377908 43.5794100923 35.4726046532 39.3638712639 55.2532099245 43.2551378747
Case #26: 65.6140356312 52.2229244552 32.80581325 42.5143688526 42.849146632 39.1665910586 44.8578133084 34.1449243676 34.8144799264 38.1622577204 61.261924499 59.2532578226 44.1882577496 32.80581325 46.196924426 46.8664799848 34.1449243676 41.175257735 42.5143688526 57.5793689256 56.240257808 41.5100355144 45.5273688672 51.5533688964 55.9054800286 55.9054800286 65.2792578518 50.8838133376 55.2359244698 34.479702147 62.2662578372 65.2792578518 60.5923689402 38.4970354998 47.5360355436 39.1665910586 34.1449243676 33.4753688088 56.240257808 65.2792578518 44.8578133084 49.54470222 42.849146632 54.2315911316 44.1882577496 47.2012577642 48.2055911024 46.8664799848 42.849146632 62.935813396 65.9488134106 59.2532578226 54.566368911 36.153591044 38.4970354998 34.8144799264 64.2749245136 41.8448132938 50.2142577788 62.935813396 64.9444800724 39.8361466174 46.5317022054 34.479702147 48.2055911024 54.566368911 45.1925910878 58.2489244844 49.54470222 59.588035602 57.5793689256 48.5403688818 55.9054800286 65.9488134106 64.2749245136 62.2662578372 49.54470222 49.54470222 65.2792578518 37.4927021616 47.870813323 52.5577022346 58.2489244844 58.5837022638 52.892480014 59.9228133814 52.2229244552 62.935813396 47.870813323 59.9228133814 57.5793689256 33.1405910294 39.8361466174 64.2749245136 36.153591044 59.9228133814 38.1622577204 52.5577022346 59.588035602 47.870813323
Case #27: 45.3266234895 43.6147639618 35.0554663235 39.1639291899 37.4520696622 38.8215572843 54.5706649389 37.7944415677 67.5807973491 49.7774582614 39.1639291899 65.1841940104 47.0384830171 48.7503425448 66.211309727 51.4893177891 40.1910449065 42.2452763397 47.0384830171 36.4249539456 65.5265659159 54.9130368444 50.1198301669 65.1841940104 52.1740616001 63.8147063883 52.5164335057 35.7402101345 35.7402101345 61.075731144 44.2995077729 56.6248963721 60.7333592385 56.9672682776 49.7774582614 47.7232268282 56.6248963721 62.7875906717 61.7604749551 42.2452763397 47.3808549227 43.6147639618 57.6520120887 63.8147063883 51.4893177891 36.0825820401 47.3808549227 44.2995077729 38.1368134733 60.3909873329 42.5876482452 63.1299625772 50.4622020725 48.7503425448 63.8147063883 64.4994501993 66.8960535381 42.5876482452 35.7402101345 57.9943839942 45.668995395 50.4622020725 64.1570782938 40.8757887175 49.7774582614 34.0283506069 35.397838229 36.4249539456 67.2384254436 65.1841940104 52.1740616001 47.0384830171 48.4079706393 59.3638716163 34.0283506069 39.5063010954 58.6791278053 40.1910449065 52.8588054112 52.8588054112 46.6961111116 48.7503425448 56.2825244665 35.7402101345 51.4893177891 53.2011773167 64.8418221049 55.2554087499 36.7673258511 62.7875906717 50.1198301669 53.8859211278 48.0655987337 34.3707225124 62.1028468606 35.0554663235 38.8215572843 57.6520120887 40.1910449065 57.6520120887
Case #28: 34.1352451185 62.0271039443 63.0352434199 65.7236153549 47.5771047936 56.9864065661 60.6829179768 57.6584995499 52.9538486636 37.8317565291 59.6747785011 55.3061741067 56.6503600742 41.1922214479 37.8317565291 41.8643144317 56.6503600742 57.9945460418 49.257337253 39.5119889885 41.8643144317 63.7073364037 42.8724539073 54.2980346311 42.8724539073 56.6503600742 41.1922214479 62.3631504362 65.387568863 65.387568863 57.6584995499 62.699196928 38.5038495129 35.479431086 51.945709188 49.5933837448 62.3631504362 36.8236170535 60.6829179768 38.8398960048 32.791059151 46.2329188261 59.6747785011 41.1922214479 54.2980346311 66.0596618468 51.6096626961 35.1433845941 48.5852442692 54.2980346311 35.8154775779 45.2247793504 52.6178021717 61.6910574524 56.3143135824 34.4712916104 60.3468714849 47.9131512854 39.5119889885 54.634081123 36.8236170535 61.3550109605 55.9782670905 34.4712916104 38.5038495129 34.4712916104 46.2329188261 44.2166398748 36.8236170535 58.6666390255 58.3305925336 57.9945460418 61.6910574524 37.1596635454 33.1271056429 51.945709188 57.322453058 53.6259416474 36.4875705616 64.7154758793 44.8887328586 59.0026855174 46.2329188261 66.0596618468 55.9782670905 45.8968723342 58.3305925336 59.6747785011 55.6422205986 43.544546891 54.634081123 50.6015232205 35.8154775779 42.2003609235 42.2003609235 48.5852442692 42.5364074154 36.1515240697 65.0515223712 42.8724539073
Case #29: 50.0000000000000000 50.0000000000000000 50.0000000000000000 50.0000000000000000 50.0000000000000000 50.0000000000000000 50.0000000000000000 50.0000000000000000 50.0000000000000000 50.0000000000000000 50.0000000000000000 50.0000000000000000 50.0000000000000000 50.0000000000000000 50.0000000000000000 50.0000000000000000 50.0000000000000000 50.0000000000000000 50.0000000000000000 50.0000000000000000 50.0000000000000000 50.0000000000000000 50.0000000000000000 50.0000000000000000 50.0000000000000000 50.0000000000000000 50.0000000000000000 50.0000000000000000 50.0000000000000000 50.0000000000000000 50.0000000000000000 50.0000000000000000 50.0000000000000000 50.0000000000000000 50.0000000000000000 50.0000000000000000 50.0000000000000000 50.0000000000000000 50.0000000000000000 50.0000000000000000 50.0000000000000000 50.0000000000000000 50.0000000000000000 50.0000000000000000 50.0000000000000000 50.0000000000000000 50.0000000000000000 50.0000000000000000 50.0000000000000000 50.0000000000000000 50.0000000000000000 50.0000000000000000 50.0000000000000000 50.0000000000000000 50.0000000000000000 50.0000000000000000 50.0000000000000000 50.0000000000000000 50.0000000000000000 50.0000000000000000 50.0000000000000000 50.0000000000000000 50.0000000000000000 50.0000000000000000 50.0000000000000000 50.0000000000000000 50.0000000000000000 50.0000000000000000
Case #30: 50.0000000000000000 50.0000000000000000 50.0000000000000000 50.0000000000000000 50.0000000000000000 50.0000000000000000 50.0000000000000000
Case #31: 50.0000000000000000 50.0000000000000000 50.0000000000000000 50.0000000000000000 50.0000000000000000 50.0000000000000000 50.0000000000000000 50.0000000000000000 50.0000000000000000 50.0000000000000000 50.0000000000000000 50.0000000000000000
Case #32: 50.0000000000000000 50.0000000000000000 50.0000000000000000 50.0000000000000000 50.0000000000000000 50.0000000000000000 50.0000000000000000 50.0000000000000000 50.0000000000000000 50.0000000000000000 50.0000000000000000 50.0000000000000000 50.0000000000000000 50.0000000000000000 50.0000000000000000 50.0000000000000000 50.0000000000000000 50.0000000000000000 50.0000000000000000 50.0000000000000000 50.0000000000000000 50.0000000000000000 50.0000000000000000 50.0000000000000000 50.0000000000000000 50.0000000000000000 50.0000000000000000 50.0000000000000000 50.0000000000000000 50.0000000000000000 50.0000000000000000 50.0000000000000000 50.0000000000000000 50.0000000000000000 50.0000000000000000 50.0000000000000000 50.0000000000000000 50.0000000000000000 50.0000000000000000 50.0000000000000000 50.0000000000000000 50.0000000000000000 50.0000000000000000 50.0000000000000000 50.0000000000000000 50.0000000000000000 50.0000000000000000 50.0000000000000000 50.0000000000000000 50.0000000000000000 50.0000000000000000 50.0000000000000000 50.0000000000000000 50.0000000000000000 50.0000000000000000 50.0000000000000000 50.0000000000000000 50.0000000000000000 50.0000000000000000 50.0000000000000000 50.0000000000000000 50.0000000000000000 50.0000000000000000 50.0000000000000000 50.0000000000000000 50.0000000000000000 50.0000000000000000 50.0000000000000000 50.0000000000000000 50.0000000000000000 50.0000000000000000 50.0000000000000000 50.0000000000000000 50.0000000000000000 50.0000000000000000 50.0000000000000000 50.0000000000000000 50.0000000000000000 50.0000000000000000 50.0000000000000000 50.0000000000000000 50.0000000000000000 50.0000000000000000 50.0000000000000000 50.0000000000000000 50.0000000000000000 50.0000000000000000 50.0000000000000000 50.0000000000000000 50.0000000000000000 50.0000000000000000
Case #33: 50.0000000000000000 50.0000000000000000 50.0000000000000000 50.0000000000000000 50.0000000000000000 50.0000000000000000 50.0000000000000000 50.0000000000000000 50.0000000000000000 50.0000000000000000 50.0000000000000000 50.0000000000000000 50.0000000000000000 50.0000000000000000 50.0000000000000000 50.0000000000000000 50.0000000000000000 50.0000000000000000 50.0000000000000000 50.0000000000000000 50.0000000000000000 50.0000000000000000 50.0000000000000000 50.0000000000000000 50.0000000000000000 50.0000000000000000 50.0000000000000000 50.0000000000000000 50.0000000000000000 50.0000000000000000 50.0000000000000000 50.0000000000000000 50.0000000000000000 50.0000000000000000 50.0000000000000000 50.0000000000000000 50.0000000000000000 50.0000000000000000 50.0000000000000000 50.0000000000000000 50.0000000000000000 50.0000000000000000 50.0000000000000000 50.0000000000000000 50.0000000000000000 50.0000000000000000 50.0000000000000000 50.0000000000000000 50.0000000000000000 50.0000000000000000 50.0000000000000000 50.0000000000000000 50.0000000000000000 50.0000000000000000 50.0000000000000000 50.0000000000000000 50.0000000000000000 50.0000000000000000 50.0000000000000000 50.0000000000000000 50.0000000000000000 50.0000000000000000 50.0000000000000000 50.0000000000000000 50.0000000000000000 50.0000000000000000 50.0000000000000000 50.0000000000000000 50.0000000000000000 50.0000000000000000 50.0000000000000000 50.0000000000000000 50.0000000000000000 50.0000000000000000 50.0000000000000000 50.0000000000000000 50.0000000000000000 50.0000000000000000 50.0000000000000000 50.0000000000000000 50.0000000000000000 50.0000000000000000 50.0000000000000000 50.0000000000000000
Case #34: 50.0000000000000000 50.0000000000000000 50.0000000000000000 50.0000000000000000 50.0000000000000000 50.0000000000000000 50.0000000000000000 50.0000000000000000 50.0000000000000000 50.0000000000000000 50.0000000000000000 50.0000000000000000 50.0000000000000000 50.0000000000000000
Case #35: 50.0000000000000000 50.0000000000000000 50.0000000000000000 50.0000000000000000 50.0000000000000000 50.0000000000000000 50.0000000000000000 50.0000000000000000 50.0000000000000000 50.0000000000000000 50.0000000000000000 50.0000000000000000 50.0000000000000000 50.0000000000000000 50.0000000000000000 50.0000000000000000 50.0000000000000000 50.0000000000000000 50.0000000000000000 50.0000000000000000 50.0000000000000000 50.0000000000000000 50.0000000000000000 50.0000000000000000 50.0000000000000000 50.0000000000000000 50.0000000000000000 50.0000000000000000 50.0000000000000000 50.0000000000000000 50.0000000000000000 50.0000000000000000 50.0000000000000000 50.0000000000000000 50.0000000000000000 50.0000000000000000 50.0000000000000000 50.0000000000000000 50.0000000000000000 50.0000000000000000 50.0000000000000000 50.0000000000000000 50.0000000000000000 50.0000000000000000 50.0000000000000000 50.0000000000000000 50.0000000000000000 50.0000000000000000 50.0000000000000000 50.0000000000000000 50.0000000000000000 50.0000000000000000 50.0000000000000000 50.0000000000000000 50.0000000000000000 50.0000000000000000 50.0000000000000000 50.0000000000000000 50.0000000000000000 50.0000000000000000 50.0000000000000000 50.0000000000000000 50.0000000000000000 50.0000000000000000 50.0000000000000000 50.0000000000000000 50.0000000000000000 50.0000000000000000 50.0000000000000000 50.0000000000000000 50.0000000000000000 50.0000000000000000 50.0000000000000000 50.0000000000000000 50.0000000000000000 50.0000000000000000 50.0000000000000000 50.0000000000000000 50.0000000000000000 50.0000000000000000 50.0000000000000000 50.0000000000000000 50.0000000000000000 50.0000000000000000 50.0000000000000000 50.0000000000000000 50.0000000000000000 50.0000000000000000 50.0000000000000000 50.0000000000000000 50.0000000000000000 50.0000000000000000 50.0000000000000000 50.0000000000000000 50.0000000000000000 50.0000000000000000 50.0000000000000000 50.0000000000000000
Case #36: 50.0000000000000000 50.0000000000000000 50.0000000000000000 50.0000000000000000 50.0000000000000000 50.0000000000000000 50.0000000000000000 50.0000000000000000
Case #37: 50.0000000000000000 50.0000000000000000 50.0000000000000000 50.0000000000000000 50.0000000000000000 50.0000000000000000 50.0000000000000000 50.0000000000000000 50.0000000000000000 50.0000000000000000 50.0000000000000000 50.0000000000000000 50.0000000000000000 50.0000000000000000 50.0000000000000000 50.0000000000000000 50.0000000000000000 50.0000000000000000 50.0000000000000000 50.0000000000000000 50.0000000000000000 50.0000000000000000 50.0000000000000000 50.0000000000000000 50.0000000000000000 50.0000000000000000 50.0000000000000000 50.0000000000000000 50.0000000000000000 50.0000000000000000 50.0000000000000000 50.0000000000000000 50.0000000000000000 50.0000000000000000 50.0000000000000000 50.0000000000000000 50.0000000000000000 50.0000000000000000 50.0000000000000000 50.0000000000000000 50.0000000000000000 50.0000000000000000 50.0000000000000000 50.0000000000000000 50.0000000000000000 50.0000000000000000 50.0000000000000000 50.0000000000000000 50.0000000000000000 50.0000000000000000 50.0000000000000000
Case #38: 50.0000000000000000 50.0000000000000000 50.0000000000000000 50.0000000000000000 50.0000000000000000 50.0000000000000000 50.0000000000000000 50.0000000000000000 50.0000000000000000 50.0000000000000000 50.0000000000000000 50.0000000000000000 50.0000000000000000 50.0000000000000000 50.0000000000000000 50.0000000000000000 50.0000000000000000 50.0000000000000000 50.0000000000000000 50.0000000000000000 50.0000000000000000 50.0000000000000000 50.0000000000000000 50.0000000000000000 50.0000000000000000 50.0000000000000000 50.0000000000000000 50.0000000000000000 50.0000000000000000 50.0000000000000000 50.0000000000000000 50.0000000000000000 50.0000000000000000 50.0000000000000000 50.0000000000000000 50.0000000000000000 50.0000000000000000 50.0000000000000000 50.0000000000000000 50.0000000000000000 50.0000000000000000 50.0000000000000000 50.0000000000000000 50.0000000000000000 50.0000000000000000 50.0000000000000000 50.0000000000000000 50.0000000000000000 50.0000000000000000 50.0000000000000000
Case #39: 51.0976425999 51.0976425999 51.0976425999 51.0976425999 51.0976425999 51.0976425999 51.0976425999 51.0976425999 51.0976425999 51.0976425999 51.0976425999 51.0976425999 51.0976425999 51.0976425999 51.0976425999 51.0976425999 51.0976425999 51.0976425999 51.0976425999 51.0976425999 51.0976425999 51.0976425999 51.0976425999 51.0976425999 51.0976425999 51.0976425999 51.0976425999 51.0976425999 51.0976425999 51.0976425999 51.0976425999 51.0976425999 51.0976425999 51.0976425999 51.0976425999 51.0976425999 51.0976425999 51.0976425999 51.0976425999 51.0976425999 51.0976425999 51.0976425999 51.0976425999 51.0976425999 51.0976425999 51.0976425999 51.0976425999 51.0976425999 51.0976425999 51.0976425999 51.0976425999 51.0976425999 51.0976425999 51.0976425999 51.0976425999 51.0976425999 51.0976425999 51.0976425999 51.0976425999 51.0976425999 51.0976425999 51.0976425999 51.0976425999 51.0976425999 51.0976425999 51.0976425999 51.0976425999 51.0976425999 51.0976425999 -41.1043357914 51.0976425999 51.0976425999 51.0976425999 51.0976425999 51.0976425999 51.0976425999 51.0976425999 51.0976425999 51.0976425999 51.0976425999 51.0976425999 51.0976425999 51.0976425999 51.0976425999
Case #40: 53.3333333333 53.3333333333 53.3333333333 53.3333333333 53.3333333333 53.3333333333 53.3333333333 53.3333333333 53.3333333333 20.0
Case #41: 52.7735009811 52.7735009811 52.7735009811 13.9444872454 52.7735009811 52.7735009811 52.7735009811 52.7735009811 52.7735009811 52.7735009811 52.7735009811 52.7735009811 52.7735009811 52.7735009811
Case #42: 52.0412414523 52.0412414523 52.0412414523 52.0412414523 52.0412414523 52.0412414523 52.0412414523 52.0412414523 52.0412414523 52.0412414523 52.0412414523 52.0412414523 52.0412414523 52.0412414523 52.0412414523 52.0412414523 52.0412414523 52.0412414523 52.0412414523 1.01020514434 52.0412414523 52.0412414523 52.0412414523 52.0412414523 52.0412414523
Case #43: 51.1952286093 51.1952286093 -33.6660026534 51.1952286093 51.1952286093 51.1952286093 51.1952286093 51.1952286093 51.1952286093 51.1952286093 51.1952286093 51.1952286093 51.1952286093 51.1952286093 51.1952286093 51.1952286093 51.1952286093 51.1952286093 51.1952286093 51.1952286093 51.1952286093 51.1952286093 51.1952286093 51.1952286093 51.1952286093 51.1952286093 51.1952286093 51.1952286093 51.1952286093 51.1952286093 51.1952286093 51.1952286093 51.1952286093 51.1952286093 51.1952286093 51.1952286093 51.1952286093 51.1952286093 51.1952286093 51.1952286093 51.1952286093 51.1952286093 51.1952286093 51.1952286093 51.1952286093 51.1952286093 51.1952286093 51.1952286093 51.1952286093 51.1952286093 51.1952286093 51.1952286093 51.1952286093 51.1952286093 51.1952286093 51.1952286093 51.1952286093 51.1952286093 51.1952286093 51.1952286093 51.1952286093 51.1952286093 51.1952286093 51.1952286093 51.1952286093 51.1952286093 51.1952286093 51.1952286093 51.1952286093 51.1952286093 51.1952286093
Case #44: 51.1396057646 51.1396057646 51.1396057646 51.1396057646 51.1396057646 51.1396057646 51.1396057646 51.1396057646 51.1396057646 51.1396057646 51.1396057646 51.1396057646 51.1396057646 51.1396057646 51.1396057646 51.1396057646 51.1396057646 51.1396057646 51.1396057646 51.1396057646 51.1396057646 51.1396057646 51.1396057646 51.1396057646 51.1396057646 51.1396057646 51.1396057646 51.1396057646 51.1396057646 51.1396057646 51.1396057646 -37.7496438739 51.1396057646 51.1396057646 51.1396057646 51.1396057646 51.1396057646 51.1396057646 51.1396057646 51.1396057646 51.1396057646 51.1396057646 51.1396057646 51.1396057646 51.1396057646 51.1396057646 51.1396057646 51.1396057646 51.1396057646 51.1396057646 51.1396057646 51.1396057646 51.1396057646 51.1396057646 51.1396057646 51.1396057646 51.1396057646 51.1396057646 51.1396057646 51.1396057646 51.1396057646 51.1396057646 51.1396057646 51.1396057646 51.1396057646 51.1396057646 51.1396057646 51.1396057646 51.1396057646 51.1396057646 51.1396057646 51.1396057646 51.1396057646 51.1396057646 51.1396057646 51.1396057646 51.1396057646 51.1396057646
Case #45: 51.0976425999 51.0976425999 51.0976425999 51.0976425999 51.0976425999 51.0976425999 51.0976425999 51.0976425999 51.0976425999 51.0976425999 51.0976425999 51.0976425999 51.0976425999 51.0976425999 51.0976425999 51.0976425999 51.0976425999 51.0976425999 51.0976425999 51.0976425999 51.0976425999 51.0976425999 51.0976425999 51.0976425999 51.0976425999 51.0976425999 51.0976425999 51.0976425999 51.0976425999 51.0976425999 51.0976425999 51.0976425999 51.0976425999 51.0976425999 51.0976425999 51.0976425999 51.0976425999 51.0976425999 51.0976425999 51.0976425999 51.0976425999 51.0976425999 51.0976425999 51.0976425999 51.0976425999 51.0976425999 51.0976425999 51.0976425999 51.0976425999 51.0976425999 51.0976425999 51.0976425999 51.0976425999 51.0976425999 51.0976425999 51.0976425999 51.0976425999 51.0976425999 51.0976425999 51.0976425999 51.0976425999 51.0976425999 51.0976425999 51.0976425999 51.0976425999 51.0976425999 51.0976425999 51.0976425999 51.0976425999 51.0976425999 51.0976425999 51.0976425999 51.0976425999 51.0976425999 51.0976425999 51.0976425999 -41.1043357914 51.0976425999 51.0976425999 51.0976425999 51.0976425999 51.0976425999 51.0976425999 51.0976425999
Case #46: 51.889822365 51.889822365 51.889822365 51.889822365 51.889822365 51.889822365 51.889822365 51.889822365 51.889822365 51.889822365 51.889822365 51.889822365 51.889822365 51.889822365 51.889822365 51.889822365 51.889822365 51.889822365 51.889822365 -2.91502622129 51.889822365 51.889822365 51.889822365 51.889822365 51.889822365 51.889822365 51.889822365 51.889822365 51.889822365
Case #47: 51.0259783521 51.0259783521 -47.4679434481 51.0259783521 51.0259783521 51.0259783521 51.0259783521 51.0259783521 51.0259783521 51.0259783521 51.0259783521 51.0259783521 51.0259783521 51.0259783521 51.0259783521 51.0259783521 51.0259783521 51.0259783521 51.0259783521 51.0259783521 51.0259783521 51.0259783521 51.0259783521 51.0259783521 51.0259783521 51.0259783521 51.0259783521 51.0259783521 51.0259783521 51.0259783521 51.0259783521 51.0259783521 51.0259783521 51.0259783521 51.0259783521 51.0259783521 51.0259783521 51.0259783521 51.0259783521 51.0259783521 51.0259783521 51.0259783521 51.0259783521 51.0259783521 51.0259783521 51.0259783521 51.0259783521 51.0259783521 51.0259783521 51.0259783521 51.0259783521 51.0259783521 51.0259783521 51.0259783521 51.0259783521 51.0259783521 51.0259783521 51.0259783521 51.0259783521 51.0259783521 51.0259783521 51.0259783521 51.0259783521 51.0259783521 51.0259783521 51.0259783521 51.0259783521 51.0259783521 51.0259783521 51.0259783521 51.0259783521 51.0259783521 51.0259783521 51.0259783521 51.0259783521 51.0259783521 51.0259783521 51.0259783521 51.0259783521 51.0259783521 51.0259783521 51.0259783521 51.0259783521 51.0259783521 51.0259783521 51.0259783521 51.0259783521 51.0259783521 51.0259783521 51.0259783521 51.0259783521 51.0259783521 51.0259783521 51.0259783521 51.0259783521 51.0259783521
Case #48: 60.0 40.0
Case #49: 48.6636937904 48.6636937904 48.6636937904 48.6636937904 48.6636937904 48.6636937904 48.6636937904 48.6636937904 48.6636937904 48.6636937904 48.6636937904 48.6636937904 48.6636937904 48.6636937904 48.6636937904 48.6636937904 48.6636937904 48.6636937904 48.6636937904 48.6636937904 48.6636937904 48.6636937904 48.6636937904 48.6636937904 48.6636937904 48.6636937904 48.6636937904 48.6636937904 48.6636937904 48.6636937904 48.6636937904 48.6636937904 48.6636937904 48.6636937904 48.6636937904 48.6636937904 48.6636937904 48.6636937904 48.6636937904 48.6636937904 48.6636937904 48.6636937904 48.6636937904 48.6636937904 48.6636937904 48.6636937904 48.6636937904 48.6636937904 48.6636937904 48.6636937904 48.6636937904 48.6636937904 48.6636937904 124.833147735 48.6636937904 48.6636937904 48.6636937904
Case #50: 48.7961414691 48.7961414691 48.7961414691 48.7961414691 48.7961414691 48.7961414691 48.7961414691 48.7961414691 48.7961414691 48.7961414691 48.7961414691 48.7961414691 48.7961414691 48.7961414691 48.7961414691 48.7961414691 133.066238629 48.7961414691 48.7961414691 48.7961414691 48.7961414691 48.7961414691 48.7961414691 48.7961414691 48.7961414691 48.7961414691 48.7961414691 48.7961414691 48.7961414691 48.7961414691 48.7961414691 48.7961414691 48.7961414691 48.7961414691 48.7961414691 48.7961414691 48.7961414691 48.7961414691 48.7961414691 48.7961414691 48.7961414691 48.7961414691 48.7961414691 48.7961414691 48.7961414691 48.7961414691 48.7961414691 48.7961414691 48.7961414691 48.7961414691 48.7961414691 48.7961414691 48.7961414691 48.7961414691 48.7961414691 48.7961414691 48.7961414691 48.7961414691 48.7961414691 48.7961414691 48.7961414691 48.7961414691 48.7961414691 48.7961414691 48.7961414691 48.7961414691 48.7961414691 48.7961414691 48.7961414691 48.7961414691
Case #51: 47.2264990189 47.2264990189 47.2264990189 47.2264990189 86.0555127546 47.2264990189 47.2264990189 47.2264990189 47.2264990189 47.2264990189 47.2264990189 47.2264990189 47.2264990189 47.2264990189
Case #52: 48.9630483053 48.9630483053 48.9630483053 48.9630483053 48.9630483053 48.9630483053 48.9630483053 48.9630483053 48.9630483053 48.9630483053 48.9630483053 48.9630483053 48.9630483053 48.9630483053 48.9630483053 48.9630483053 48.9630483053 48.9630483053 146.43650761 48.9630483053 48.9630483053 48.9630483053 48.9630483053 48.9630483053 48.9630483053 48.9630483053 48.9630483053 48.9630483053 48.9630483053 48.9630483053 48.9630483053 48.9630483053 48.9630483053 48.9630483053 48.9630483053 48.9630483053 48.9630483053 48.9630483053 48.9630483053 48.9630483053 48.9630483053 48.9630483053 48.9630483053 48.9630483053 48.9630483053 48.9630483053 48.9630483053 48.9630483053 48.9630483053 48.9630483053 48.9630483053 48.9630483053 48.9630483053 48.9630483053 48.9630483053 48.9630483053 48.9630483053 48.9630483053 48.9630483053 48.9630483053 48.9630483053 48.9630483053 48.9630483053 48.9630483053 48.9630483053 48.9630483053 48.9630483053 48.9630483053 48.9630483053 48.9630483053 48.9630483053 48.9630483053 48.9630483053 48.9630483053 48.9630483053 48.9630483053 48.9630483053 48.9630483053 48.9630483053 48.9630483053 48.9630483053 48.9630483053 48.9630483053 48.9630483053 48.9630483053 48.9630483053 48.9630483053 48.9630483053 48.9630483053 48.9630483053 48.9630483053 48.9630483053 48.9630483053 48.9630483053
Case #53: 48.8819660113 48.8819660113 48.8819660113 48.8819660113 48.8819660113 48.8819660113 48.8819660113 48.8819660113 48.8819660113 48.8819660113 48.8819660113 48.8819660113 48.8819660113 48.8819660113 48.8819660113 48.8819660113 48.8819660113 48.8819660113 48.8819660113 48.8819660113 48.8819660113 48.8819660113 48.8819660113 48.8819660113 48.8819660113 48.8819660113 48.8819660113 48.8819660113 48.8819660113 48.8819660113 48.8819660113 48.8819660113 48.8819660113 48.8819660113 48.8819660113 139.4427191 48.8819660113 48.8819660113 48.8819660113 48.8819660113 48.8819660113 48.8819660113 48.8819660113 48.8819660113 48.8819660113 48.8819660113 48.8819660113 48.8819660113 48.8819660113 48.8819660113 48.8819660113 48.8819660113 48.8819660113 48.8819660113 48.8819660113 48.8819660113 48.8819660113 48.8819660113 48.8819660113 48.8819660113 48.8819660113 48.8819660113 48.8819660113 48.8819660113 48.8819660113 48.8819660113 48.8819660113 48.8819660113 48.8819660113 48.8819660113 48.8819660113 48.8819660113 48.8819660113 48.8819660113 48.8819660113 48.8819660113 48.8819660113 48.8819660113 48.8819660113 48.8819660113 48.8819660113
Case #54: 47.9587585477 47.9587585477 47.9587585477 47.9587585477 47.9587585477 47.9587585477 47.9587585477 47.9587585477 47.9587585477 47.9587585477 47.9587585477 47.9587585477 47.9587585477 98.9897948557 47.9587585477 47.9587585477 47.9587585477 47.9587585477 47.9587585477 47.9587585477 47.9587585477 47.9587585477 47.9587585477 47.9587585477 47.9587585477
Case #55: 42.9289321881 42.9289321881 64.1421356237
Case #56: 48.556624327 48.556624327 48.556624327 48.556624327 48.556624327 48.556624327 48.556624327 48.556624327 48.556624327 48.556624327 48.556624327 119.282032303 48.556624327 48.556624327 48.556624327 48.556624327 48.556624327 48.556624327 48.556624327 48.556624327 48.556624327 48.556624327 48.556624327 48.556624327 48.556624327 48.556624327 48.556624327 48.556624327 48.556624327 48.556624327 48.556624327 48.556624327 48.556624327 48.556624327 48.556624327 48.556624327 48.556624327 48.556624327 48.556624327 48.556624327 48.556624327 48.556624327 48.556624327 48.556624327 48.556624327 48.556624327 48.556624327 48.556624327 48.556624327
Case #57: 48.9740216479 48.9740216479 48.9740216479 48.9740216479 48.9740216479 48.9740216479 48.9740216479 48.9740216479 48.9740216479 48.9740216479 48.9740216479 48.9740216479 48.9740216479 48.9740216479 48.9740216479 48.9740216479 48.9740216479 48.9740216479 48.9740216479 48.9740216479 48.9740216479 48.9740216479 48.9740216479 48.9740216479 48.9740216479 48.9740216479 48.9740216479 48.9740216479 48.9740216479 48.9740216479 48.9740216479 48.9740216479 48.9740216479 48.9740216479 48.9740216479 48.9740216479 48.9740216479 48.9740216479 48.9740216479 48.9740216479 48.9740216479 48.9740216479 48.9740216479 48.9740216479 48.9740216479 48.9740216479 48.9740216479 48.9740216479 48.9740216479 48.9740216479 48.9740216479 48.9740216479 48.9740216479 48.9740216479 48.9740216479 48.9740216479 48.9740216479 48.9740216479 48.9740216479 48.9740216479 48.9740216479 48.9740216479 48.9740216479 48.9740216479 48.9740216479 48.9740216479 48.9740216479 48.9740216479 48.9740216479 48.9740216479 48.9740216479 48.9740216479 48.9740216479 48.9740216479 48.9740216479 48.9740216479 48.9740216479 48.9740216479 48.9740216479 147.467943448 48.9740216479 48.9740216479 48.9740216479 48.9740216479 48.9740216479 48.9740216479 48.9740216479 48.9740216479 48.9740216479 48.9740216479 48.9740216479 48.9740216479 48.9740216479 48.9740216479 48.9740216479 48.9740216479
Case #58: 48.9574279297 48.9574279297 48.9574279297 48.9574279297 48.9574279297 48.9574279297 48.9574279297 48.9574279297 48.9574279297 48.9574279297 48.9574279297 48.9574279297 48.9574279297 48.9574279297 48.9574279297 48.9574279297 48.9574279297 48.9574279297 48.9574279297 48.9574279297 48.9574279297 48.9574279297 48.9574279297 48.9574279297 48.9574279297 48.9574279297 48.9574279297 48.9574279297 48.9574279297 48.9574279297 48.9574279297 48.9574279297 48.9574279297 48.9574279297 48.9574279297 48.9574279297 48.9574279297 48.9574279297 48.9574279297 48.9574279297 48.9574279297 48.9574279297 48.9574279297 48.9574279297 48.9574279297 48.9574279297 48.9574279297 48.9574279297 48.9574279297 48.9574279297 48.9574279297 48.9574279297 48.9574279297 48.9574279297 48.9574279297 48.9574279297 48.9574279297 48.9574279297 48.9574279297 48.9574279297 48.9574279297 48.9574279297 48.9574279297 48.9574279297 48.9574279297 48.9574279297 48.9574279297 48.9574279297 48.9574279297 48.9574279297 48.9574279297 48.9574279297 48.9574279297 48.9574279297 145.916630466 48.9574279297 48.9574279297 48.9574279297 48.9574279297 48.9574279297 48.9574279297 48.9574279297 48.9574279297 48.9574279297 48.9574279297 48.9574279297 48.9574279297 48.9574279297 48.9574279297 48.9574279297 48.9574279297 48.9574279297 48.9574279297
Case #59: 49.1378554614 40.4621871479 57.4664970422 53.9962297169 47.7497485312 53.6492029843 61.9778445652 50.872989124 54.6902831819 37.3389465551 32.4805722996 55.7313633795 64.407031693 41.5032673456 53.9962297169 35.6038128924 52.9551495193 42.1973208106 54.6902831819 58.8546039724 58.8546039724 64.407031693 39.0740802178 33.1746257647 55.384336647 42.8913742757 64.407031693 67.1832455533 61.9778445652 43.9324544733 50.178935659 37.6859732876 47.0556950661 51.5670425891 59.5486574375 62.3248712977 42.5443475432 55.384336647 43.9324544733 60.9367643676 52.9551495193 42.1973208106 43.2384010082 32.4805722996 39.4211069503 58.5075772398 64.0600049604 48.7908287288 40.8092138805 61.9778445652 61.2837911001 35.6038128924 58.5075772398 39.4211069503 38.3800267527 48.0967752637 33.5216524972 56.4254168446 52.6081227867 67.1832455533 33.5216524972 54.3432564494 38.0330000202 56.4254168446
Case #60: 45.7726054233 52.9031504924 44.0748565973 62.4105439179 49.5076528405 52.224050962 57.31729744 31.8510650502 55.619548614 31.8510650502 56.2986481444 56.2986481444 31.8510650502 60.3732453268 61.3918946223 46.4517049537 54.9404490836 62.4105439179 35.9256622326 50.5263021361
Case #61: 68.0435910055 49.2138421347 40.6548653752 42.7090197975 60.1693323868 66.3317956536 62.2234868091 39.2854290937 59.484614246 53.3221509792 35.5194793195 45.7902514309 37.2312746714 44.7631742198 40.9972244456 57.0881007534 67.3588728648 39.2854290937 57.7728188942 64.9623593721 52.2950737681 38.9430700233 60.8540505276 43.0513788679 59.1422551757 44.4208151494 58.7998961053 49.8985602754 46.4749695717 34.8347611788 67.7012319351 37.5736337418 49.5562012051 51.267996557 56.0610235423 42.0243016567 47.8444058532 42.3666607271 41.6819425864 35.8618383899 45.1055332901 60.1693323868 36.2041974603 58.1151779645 35.8618383899 60.1693323868 64.2776412313 63.935282161 38.6007109529 46.4749695717 55.0339463311 62.5658458795 55.3763054015 41.6819425864 40.6548653752 36.8889156011 40.9972244456 60.5116914572 38.6007109529 48.5291239939 46.4749695717 54.3492281904 39.2854290937 58.7998961053 63.2505640202 45.1055332901 48.1867649236 35.8618383899 65.6470775129 48.8714830643 45.1055332901 62.9082049498 65.9894365832 60.1693323868 35.5194793195 58.4575370349 46.817328642 38.9430700233 49.5562012051 42.3666607271 55.7186644719
Case #62: 39.9996380185 45.0222413455 55.0674479996 41.07591016 65.4714120341 41.4346675405 40.7171527795 48.2510577701 67.2651989366 52.5561463361 58.6550218046 38.5646084965 43.5872118235 41.4346675405 69.7765006002 43.228454443 43.5872118235 51.4798741946 67.2651989366 52.9149037166 69.7765006002 42.1521823015 61.1663234681 46.4572708675 46.098513487 52.9149037166 35.6945494525 37.8470937355 55.7849627606 34.618277311 62.2425956096 38.5646084965 55.4262053801 50.7623594336 41.07591016 63.6776251316 45.0222413455 59.0137791851 43.945969204 50.4036020531
Case #63: 65.1595779587 55.6271861388 61.6643676248 41.646344803 33.7026849531 60.7111284428 49.9077510469 46.7302871069 36.2446561051 37.5156416811 61.0288748368 61.9821140188 41.964091197 61.0288748368 48.6367654709 37.1978952871 59.7578892608 37.1978952871 38.468880863 35.6091633171 36.8801488931 36.5624024991 61.9821140188 43.870569561 38.786627257 58.8046500788 47.0480335009 58.4869036848 57.5336645028 49.2722582589 58.8046500788 48.9545118649 63.2530995947 62.6176068067 52.4497221989 61.3466212308 54.9916933508 46.4125407129 36.2446561051 36.8801488931 56.5804253208 53.4029613809 39.104373651 43.235076773 60.3933820488 40.057612833 54.0384541689 41.646344803 61.0288748368 37.1978952871 56.2626789268 37.5156416811 49.9077510469 61.3466212308 36.8801488931 59.7578892608 60.7111284428 60.3933820488 49.9077510469 64.5240851707 54.0384541689 39.104373651
Case #64: 50.0000000000000000 50.0000000000000000
Case #65: 64.0780185228 37.0492103128 57.0431232352 55.1918350017 38.5302408996 47.046166774 62.5969879359 33.3466338456 50.0082279477 45.9353938339 62.5969879359 48.5271973609 61.1159573491 57.413380882 32.6061185522 48.1569397141 66.6698220498 51.1190008878 51.4892585346 48.5271973609 46.6759091273 41.86255972 46.3056514806 62.5969879359 34.0871491391 53.7108044148 49.2677126543 46.3056514806 47.046166774 40.3815291332 66.6698220498 53.3405467681 39.6410138397 44.8246208937 47.7866820674 65.5590491096 48.1569397141 55.9323502951 65.1887914629 53.7108044148 43.3435903069 38.1599832529 37.0492103128 34.4574067858 68.8913679301
Case #66: 61.2520133381 59.8221054403 36.2286251278 31.5814244602 49.8127501563 40.1608718466 48.0253652841 63.7543521591 58.749674517 43.7356415909 42.6632106676 62.6819212358 59.1071514915 55.5323817472 41.5907797443 51.242658054 28.7216086648 51.6001350284 50.8851810795 55.1749047727 57.6772435937
Case #67: 45.27343633 66.0886995229 37.7929511201 35.8415201958 47.8753442291 55.6810679264 55.6810679264 54.7053524643 38.1181896075 66.7391764976 63.8120301112 35.5162817084 54.0548754895 62.836314649 41.3705744814 39.7443820444 63.1615531364 36.4919971705 35.5162817084 56.982021876 61.5353606994 36.1667586831 58.2829758256 66.7391764976 48.8510596913 43.9724823805 53.0791600273 37.1424741453 44.6229593552 63.8120301112 54.3801139769 49.5015366661 35.5162817084 55.3558294391 63.4867916238 53.4043985147 43.9724823805 56.6567833886 39.0939050696 62.1858376742 38.7686665823 65.4382225481 52.4286830526 39.419143557 46.899628767 45.5986748174 65.4382225481 41.3705744814 38.4434280949 43.3220054057 43.9724823805 43.3220054057 65.4382225481 39.0939050696 47.5501057417 59.2586912877 49.8267751535 63.4867916238 50.1520136408 46.2491517922 58.2829758256 41.3705744814 36.4919971705 41.6958129687 56.0063064138 41.045335994 61.210122212 46.899628767 53.7296370021 46.2491517922 62.5110761616 42.6715284309 36.1667586831 52.4286830526 40.7200975066 47.8753442291 66.7391764976 56.6567833886 34.8658047336 65.1129840607 57.9577373382 58.6082143129 44.2977208679 40.7200975066 34.5405662462 39.7443820444 62.5110761616 41.6958129687 58.9334528003 58.6082143129 60.2344067499 46.899628767
Case #68: 64.2554193787 65.8368446663 56.664577998 36.1060492585 44.3294607543 36.422334316 60.1437136308 45.2783159269 38.0037596037 59.1948584582 43.0643205242 55.7157228254 52.2365871925 42.7480354666
Case #69: 49.9346126814 49.5804313722 33.9964537681 52.7680631549 60.2058706477 58.789145411 62.3309585029 66.2269529039 49.5804313722 52.7680631549 42.8509864977 46.0386182803 31.5171846038 44.9760743528 63.3935024304 61.9767771937 41.7884425701 53.4764257732 32.5797285313 49.226250063 56.6640575559 41.7884425701 63.7476837396 58.789145411 54.89315101 49.226250063 65.8727715947 66.2269529039 44.6218930436 61.2684145753 56.6640575559 40.3717173334 66.5811342131 63.7476837396 34.7048163864 41.0800799518 33.6422724589 57.0182388651 41.0800799518 49.226250063 33.6422724589 55.9556949375 45.6844369712 42.4968051885 42.1426238793 49.5804313722 61.9767771937 49.9346126814 50.6429752998 46.3927995895 42.8509864977 45.330255662 48.8720687538 34.3506350772 36.8299042415 60.9142332661 52.0597005365 58.789145411 34.3506350772 43.9135304252 48.8720687538 37.5382668599 49.226250063 59.4975080294 66.9353155223
Case #70: 42.7390416037 33.4565663811 40.1399485414 67.2447761912 42.3677425948 50.5363207906 47.1946297105 44.9668356571 45.338134666 51.2789188084 50.1650217817 36.4269584524 46.0807326838 55.7345069153 67.6160752001 59.0761979954 68.3586732179 51.2789188084
Case #71: 32.3733414188 43.5313784005 49.8077742026 36.5576052869 66.5448296751 58.8736792502 41.4392464664 66.1961410194 43.8800670561 45.6235103345 65.4987637081 55.3867926935 37.9523599096 51.8999061367 33.7680960415 59.2223679059 43.1826897448 52.9459721037 55.3867926935 66.1961410194 60.2684338729 53.2946607594 46.3208876459 62.360565807 49.1103968913 56.7815473162 62.360565807 34.4654733529 36.2089166312 41.0905578107 45.6235103345 58.1763019389 62.7092544627 59.5710565616 57.4789246275 37.2549825983 60.6171225286 65.8474523638 46.3208876459 56.4328586605 33.0707187302 65.8474523638 45.9721989902 44.9261330232 57.4789246275 57.4789246275 40.0444918437 36.2089166312 56.4328586605 56.4328586605 35.5115393199 59.9197452173 45.6235103345 56.7815473162 41.4392464664 36.9062939426 53.9920380708 51.2025288253 39.695803188 48.0643309243 41.4392464664 53.2946607594 38.3010485653 44.9261330232 36.2089166312 64.8013863967 60.6171225286 56.7815473162 38.3010485653 49.8077742026 43.5313784005 53.9920380708 60.6171225286 44.5774443675 36.5576052869 52.5972834481 38.9984258767 63.0579431184
Case #72: 58.2404322372 51.4207641788 48.8633886569 64.2076417883 41.1912620913 53.5519104471 39.060115823 60.7978077591 32.6666770183
Case #73: 32.272549008 41.9505275023 65.4010138539 60.9342545488 45.3005969811 63.9120940856 57.5841850701 43.4394472707 34.1336987185 36.367078371 61.678714433 47.5339766337 56.8397251859 66.1454737381 49.3951263441 54.9785754754 50.1395862283 53.4896557071 52.7451958229 66.5177036802 45.3005969811 34.1336987185 43.8116772128 59.8175647226 34.8781586027 66.8899336223 57.9564150121 40.8338376761 48.6506664599 49.022896402 47.9062065758 32.272549008 59.8175647226 54.2341155913 53.117425765 49.7673562862 40.461607734 53.8618856492 39.3449179077 47.1617466916
Case #74: 40.543060206 38.2499233013 43.8189700699 60.526110376 44.1465610563 68.060703063 46.4396979611 51.6811537434 42.181015138 55.6122455801 40.543060206 35.3016044237 46.4396979611 38.905105274 60.526110376 57.5777914984 44.4741520427 53.3191086753 41.8534241516 66.0951571446 67.4055210902 58.5605644576 49.3880168386 62.1640653079 52.3363357161 66.422748131 41.1982421788 37.9223323149 54.6294726209 43.8189700699 54.3018816345 61.8364743215 55.2846545937 44.8017430291 64.7847931991 40.2154692196 40.543060206 44.8017430291 40.8706511924 40.8706511924 38.5775142877 58.5605644576 63.8020202399 50.3707897978 47.4224709203 42.181015138 63.1468382671 36.9395593557 39.8878782332 45.7845159883 64.1296112263 47.0948799339 38.905105274 66.422748131 59.8709284032 35.9567863965 66.422748131 42.8361971108 63.1468382671 46.7672889475 45.7845159883 66.7503391174 39.2326962604 59.8709284032 39.8878782332 37.2671503421 38.5775142877 64.7847931991 40.2154692196 59.8709284032 47.4224709203 50.0431988114 52.9915176889 57.250200512 56.2674275528 40.2154692196 52.0087447297 52.3363357161 41.8534241516 35.3016044237 47.0948799339 59.5433374168 46.4396979611 65.4399751718 42.181015138 64.7847931991 37.9223323149 35.9567863965 61.1812923487 39.2326962604 55.6122455801
Case #75: 56.987953131 47.9132047205 64.1181125964 37.5420636799 54.3951678708 44.6722231453 68.0072904866 37.5420636799 64.1181125964 45.3204194603 47.589106563 43.3758305152 57.3120512885 38.83845631 42.7276342002 44.0240268303 63.1458181238 36.8938673649 65.0904070689 47.2650084054 44.3481249878 45.3204194603 36.2456710498 62.1735236513 46.6168120904 37.8661618374 63.1458181238 48.885499193 45.9686157754 67.6831923291 58.284345761 43.0517323577 56.0156586584 50.1818918231 36.5697692074 44.9963213028 35.9215728923 62.1735236513 52.4505789257 59.2566402336 64.4422107539 45.6445176178 61.5253273362 45.3204194603 45.3204194603 45.9686157754 38.5143581525 64.4422107539 35.5974747348 61.5253273362 41.4312415701 47.9132047205 50.1818918231 60.2289347061 39.8107507825 63.4699162813 37.5420636799 40.4589470976 46.2927139329 38.1902599949 40.7830452551 40.7830452551 62.8217199663 38.1902599949 50.5059899806 54.0710697133 61.2012291787 39.8107507825 65.7386033839 37.8661618374 67.6831923291 47.2650084054 53.0987752408 51.1541862956 66.7108978565 61.5253273362 54.0710697133 36.2456710498 67.6831923291 46.9409102479 45.3204194603 36.5697692074 52.7746770832 47.9132047205 49.2095973505 67.3590941715 40.13484894 42.4035360427 51.8023826107 41.1071434126 45.9686157754 59.2566402336 36.2456710498 64.7663089114 57.3120512885 40.4589470976 41.4312415701 57.9602476035
Case #76: 42.824031388 41.0563160841 47.4200911781 63.3295289132 59.4405552446 54.8444954545 34.6925409901 55.9051246368 51.6626079074 37.1673424155 49.5413495428 56.2586676976 55.551581576 50.9555217859 39.642143841 67.9255887033 39.642143841 64.7437011563 38.2279715978 52.0161509682 41.0563160841 47.4200911781 35.0460840508 46.3594619958 65.8043303386 46.005918935 69.3397609464 64.0366150347 53.7838662721 56.9657538191 37.8744285371 61.91535667 42.4704883272 42.1169452664 40.3492299625 56.6122107584 39.9956869017
Case #77: 42.4126941618 57.6356326269 38.014956383 34.6320811686 50.1933071551 62.0333704057 46.4721444192 52.2230322838 50.869882198 39.0298189474 55.6059074983 63.724808013 65.4162456202 33.9555061257 35.6469437329 39.0298189474 50.1933071551 55.9441950197 35.9852312544 61.6950828843 64.0630955344 64.7396705773 39.7063939903 44.780706812 40.7212565546 55.2676199768 37.3383813402 36.3235187758 38.6915314259 35.6469437329 54.5910449339 38.014956383 46.1338568978 63.3865204915 64.0630955344 66.0928206631 57.9739201484 47.4870069835 45.4572818549 54.5910449339 40.3829690332 61.3567953628 58.6504951913 43.0892692047 62.3716579272 66.0928206631 61.0185078414 58.3122076698 45.1189943334 45.1189943334 39.0298189474 52.5613198052 56.6207700626 43.4275567262 39.7063939903 48.5018695479 59.3270702342 52.8996073267 49.8550196337 59.3270702342 51.5464572409 56.959057584 32.9406435614
Case #78: 61.0774748602 65.1384146679 51.0813153334 42.6470557327 52.3308352743 43.2718157031 36.3994560285 58.8908149637 50.7689353482 44.521335644 35.4623160729 34.5251761172 52.3308352743 64.2012747123 49.2070354222 42.6470557327 55.4546351264 34.8375561024 64.5136546975 65.1384146679 44.521335644 63.8888947271 43.2718157031 41.3975357919 44.521335644 57.9536750081
Case #79: 42.661764947 45.2626583835 54.1800073087 46.005770794 42.2902087418 54.5515635139 61.2395752077 56.0377883347 41.1755401262 40.803983921 34.8590846375 57.1524569504 55.6662321295 38.5746466897 40.4324277157 64.2120248494 47.86355182 37.459978074 64.9551372599 68.670699312 42.661764947 41.1755401262 69.4138117224 57.1524569504 64.5835810546 63.468912439 33.7444160219 38.2030904845 47.86355182 51.5791138722 40.803983921 43.4048773575 49.3497766409 40.0608715105 45.2626583835 39.6893153053 50.8360014617 47.86355182 59.3817941816 52.6937824878 69.0422555172 35.602197048 59.3817941816 52.3222262826 60.4964627973 61.9826876181 45.2626583835 42.661764947
Case #80: 31.141045043 48.8860105018 42.182356884 42.9710220155 59.9273223427 31.5353776088 40.2106940553 44.5483522785 45.33701741 49.6746756333 53.223668725 55.9839966852 46.914347673 61.11032004 48.8860105018 61.8989851715 48.8860105018 29.56371478 58.7443246455 53.6180012908 47.3086802388 46.5200151073 41.7880243183 54.4066664223 48.491677936 49.2803430675 39.8163614895 64.264980566 52.8293361593 44.9426848443 61.8989851715 67.0253085262 67.419641092 35.4787032663 61.8989851715 54.4066664223 40.9993591868 39.4220289238 60.7159874742 65.842310829
Case #81: 64.0310125072 58.6344692352 44.4685431462 46.4922468732 36.3737282382
Case #82: 57.4663271101 67.5634070609 36.2950304389 43.4607000815 38.5750162343 40.5292897731 50.626369724 53.5577800323 52.9063555194 39.2264407472 63.6548599832 37.5978794648 48.9978084416 47.3692471592 68.2148315739 56.1634780841 54.8606290582 43.4607000815 51.277794237 64.9577090091 46.0663981333 39.2264407472 40.2035775167 40.5292897731 67.8891193174 49.3235206981
Case #83: 61.8794347634 41.0429820953 36.6024266087 65.6368278675 62.5625971459 42.4093068605 53.3399049814 38.3103325651 40.7014009041 44.4587940081 42.7508880517 42.0677256692 62.2210159547 52.3151614076 45.1419563907 63.9289219111 61.8794347634 33.8697770785 51.9735802163 67.0031526326 60.8546911895 59.1467852332 36.2608454174 64.6120842936 49.9240930686 50.2656742599 65.6368278675 38.6519137564 54.3646485552 55.0478109378 43.7756316256 43.4340504343 33.5281958872 62.2210159547 54.7062297465 51.631999025 48.8993494948 40.0182385215 47.8746059209 59.4883664244 44.1172128169 56.0725545116 44.4587940081 33.5281958872 41.3845632866
Case #84: 64.4223957978 54.527473113 64.7415868522 55.1658552217 53.56989995 53.56989995 33.1416724716 37.2911561781 60.5921031456 58.3577657652 45.5901235912 60.5921031456 62.5072494717 36.3335830151 62.5072494717 64.1032047435 64.1032047435 41.759830939 57.4001926021 58.3577657652 33.1416724716 52.9315178413 51.9739446782 36.9719651238 49.1012251891 45.5901235912 46.2285056999 48.7820341347 43.3557862108 34.7376277434 42.7174041021 46.5476967543 52.2931357326 39.2063025042 40.802257776 50.6971804608 62.1880584174 34.0992456347
Case #85: 55.2219932637 60.2165902422 63.2133484293 65.5441603526 32.9127934264 60.882536506 51.8922619447 41.9030679877 55.8879395275 57.552805187 58.5517245827 52.2252350766 64.212267825 48.2295574938 60.882536506 34.5776590859 40.2382023282 58.5517245827 51.5592888128 57.8857783189 35.9095516135 61.2155096379 59.5506439784 39.5722560644 35.2436053497 62.8803752974 59.8836171103 34.5776590859 42.5690142515 43.9009067791 33.2457665583 53.2241544723 36.5754978773 65.5441603526 48.8955037576 65.8771334845 51.2263156809 44.233879911 46.2317187024 51.5592888128 47.8965843619 42.5690142515 65.5441603526 49.8944231533 45.5657724386 62.5474021655 40.5711754601 62.2144290336 43.2349605153 57.8857783189 45.8987455705 43.2349605153 40.2382023282 51.8922619447 35.9095516135 56.8868589232 44.8998261748 33.5787396902 44.233879911 36.5754978773 35.2436053497 61.8814559017 62.5474021655 35.9095516135 49.2284768895 36.5754978773 53.2241544723 55.2219932637 35.2436053497 55.5549663956 39.5722560644 65.5441603526 64.212267825 60.5495633741 43.5679336472 55.5549663956 56.2209126594 56.2209126594 44.5668530429 50.893342549 41.9030679877 45.2327993067
Case #86: 63.569532922 47.7130000693 38.2600670226 43.7488668562 53.506733227 63.2645995979 35.5156671058 56.5560664679 39.1748669948 58.6905997365
Case #87: 35.0207714986 39.1380410671 44.7524995696 55.607119341 61.2215778435 38.0151493666 58.601497209 49.9926608386 33.5235825646 42.1324189351 48.4954719046 51.1155525391 51.4898497726 54.109930407 58.601497209 40.2609327676 30.9035019301 57.852902742 48.4954719046 54.109930407 51.1155525391 49.2440663716 50.3669580721 63.093064011 38.3894466001 63.841658478 52.612741473 34.6464742651 35.0207714986 65.7131446455 55.2328221075 40.2609327676 51.4898497726 37.2665548996 53.7356331735 51.8641470061 51.4898497726 66.087441879 32.4006908641 59.350091676 37.6408521331 64.9645501785 66.4617391125 62.7187667775 40.2609327676 52.9870387065 52.2384442396 49.9926608386 51.4898497726 66.836036346 47.7468774376
Case #88: 60.7017567048 33.647715755 51.7978951264 53.8526324137
Case #89: 40.6767772338 41.400308934 34.1649919314 39.2297138333 64.1915574923 55.8709429393 55.147411239 37.0591187325 43.2091381847 37.4208845826 37.0591187325 65.2768550427 56.9562404897 50.8062210374 62.7444940917 50.8062210374 63.1062599419 37.0591187325 40.6767772338 51.8915185878 48.2738600865 43.5709040348 54.0621136886 51.1679868876 53.7003478385 58.7650697403 44.2944357351 52.9768161382 42.1238406343 47.5503283863 58.04153804 64.1915574923 42.1238406343 34.5267577816 59.4886014406 47.9120942364 63.8297916421 43.5709040348 49.720923487 34.5267577816 38.506182133 41.400308934 60.2121331408 45.3797332855 34.5267577816 44.2944357351 45.0179674353 58.4033038902 64.5533233424 54.4238795387 59.1268355904 59.8503672907 65.6386208928 63.8297916421 55.5091770891 66.362152593 62.3827282416 35.612055332 57.6797721899 52.253284438 35.2502894818 43.2091381847 43.5709040348 34.8885236317 36.6973528823 66.362152593 57.6797721899 50.4444551873 59.4886014406 48.2738600865
Case #90: 42.2024287297 43.5443363436 44.2152901506 61.9955660356 65.685811974 62.6665198426 37.1702751773 51.9312589309 59.3117508077 41.5314749227 65.685811974 46.8991053785 36.8347982738 45.8926746681 46.8991053785 32.8090754319 50.5893513169 64.0084274566 55.2860279658 59.6472277112 54.2795972553 58.3053200972 54.2795972553 61.6600891321 63.6729505531 50.5893513169 38.8476596948 61.6600891321 63.3374736496 54.2795972553 34.4864599494 63.0019967461 59.3117508077 52.6022127379 41.5314749227 45.2217208611 32.4735985285 63.6729505531 50.2538744135 63.6729505531 60.3181815182 53.2731665449 62.3310429391 59.6472277112 54.9505510623 60.3181815182 46.5636284751 41.8669518262 48.9119667995 44.2152901506 40.1895673087 35.1574137564 33.8155061424 43.8798132471 39.5186135018 40.8605211157 34.4864599494 34.1509830459 34.4864599494 52.9376896414 33.1445523354 56.9634124833 44.5507670541 55.9569817728 59.3117508077 45.5571977646 62.3310429391 52.9376896414 48.9119667995 53.2731665449 40.1895673087 40.1895673087 59.3117508077 43.5443363436
Case #91: 48.9789774035 41.4120654935 54.5719122934 41.4120654935 59.8358510134 63.7838050534 65.0997897334 41.0830693235 39.7670846435 36.4771229435 47.0050003835 34.5031459235 59.8358510134 57.2038816534 60.1648471834 33.8451535835 47.6629927235 60.8228395234 64.4417973934 37.1351152835 47.0050003835 65.0997897334 44.3730310235 54.2429161234 56.8748854834 42.0700578335 52.2689391034 55.5589008034 37.4641114535
Case #92: 65.7839113401 45.1410807331 37.357718373 61.7230266305 51.5708148566 55.6316995662 38.0345324913 44.8026736739 54.6164783888 62.0614336897 60.369398394 34.9888689591 51.9092219157 54.6164783888 54.9548854479 36.0040901365 60.0309913349 45.1410807331 61.3846195714 60.369398394 65.7839113401 62.7382478079 55.6316995662 34.3120548408 50.8940007383 52.586036034 64.0918760445 54.9548854479 46.1563019105 63.0766548671 36.6809042547 48.8635583835 62.7382478079 40.0649748461 47.8483372061 45.1410807331 34.6504619 36.3424971956 45.1410807331 34.6504619 46.1563019105 34.9888689591 36.6809042547 48.1867442652 66.1223183993 47.8483372061 63.7534689853 52.9244430931 41.4186030826 65.445504281 39.3881607278 45.4794877922 65.7839113401 45.1410807331 64.7686901627 37.357718373 46.4947089696 46.8331160287 53.9396642705 35.6656830774 58.3389560392 49.5403725018 39.3881607278 47.1715230878 46.8331160287 44.8026736739 60.7078054531
Case #93: 52.3049400047 38.4159303097 53.3212090068 36.0446359715 58.7413103512 44.5135443221 52.3049400047 34.3508543014 60.0963356873 53.3212090068 44.5135443221 45.1910569902 67.2102187018 58.0637976831 65.5164370316 35.0283669695 65.8551933657 43.4972753201 43.4972753201 61.7901173574 47.5623513284 34.6896106355 34.6896106355 51.6274273367 46.8848386603 59.0800666852 59.4188230192 56.370016013 66.8714623677 54.6762343429 34.6896106355 53.3212090068 34.0120979674 41.4647373159 56.370016013 44.1747879881 58.4025540171 41.80349365 39.0934429778 65.8551933657 48.9173766645 61.7901173574 43.8360316541 41.4647373159 41.4647373159 44.8523006562 38.4159303097 47.2235949943 66.5327060337 51.2886710026 49.9336456665 60.0963356873 43.4972753201 59.4188230192 63.8226553615 43.8360316541 44.5135443221 60.0963356873 60.0963356873 48.2398639964 36.0446359715 65.8551933657 60.0963356873 40.7872246479 43.1585189861 41.4647373159 46.8848386603 64.1614116955 42.142249984 54.6762343429 58.4025540171 34.0120979674 66.1939496997 45.5298133242 38.4159303097 38.4159303097 61.4513610233 45.1910569902 47.9011076624 51.2886710026 45.8685696582 36.0446359715 42.819762652 35.7058796375 61.4513610233 61.1126046893 37.3996613076 46.8848386603 61.4513610233 52.6436963387 65.1776806976 57.3862850151 40.4484683139 47.9011076624 57.047528681 39.0934429778 65.5164370316
Case #94: 52.2571826857 34.7013173527 54.4516658523 41.2847668526 46.6142259715 47.8682163524 60.7216177569 65.4240816854 34.7013173527 36.8958005193 40.6577716621 60.0946225665 49.4357043286 35.9553077336 57.5866418046 40.0307764716 61.9756081379 54.4516658523 45.6737331858 46.6142259715 64.4835888997 55.7056562332 39.0902836859 61.6621105426 35.6418101384 65.4240816854 40.9712692573 56.9596466141 55.392158638 57.2731442094
Case #95: 34.0559805647 38.0067110442 56.7726808221 47.2250821632 37.0190284243 51.1758126427 44.5912618435 57.101908362 56.1142257422 58.0895909819 62.0403214615 50.5173575628 58.4188185219 39.3236212041 61.3818663815 52.8219503425 61.7110939215 56.4434532821 31.422160245 54.7973155823 56.4434532821 61.7110939215 32.0806153249 42.6158966037 38.0067110442 60.3941837617 38.3359385842 38.9943936641 62.0403214615 44.2620343035 38.6651661242 63.0280040814 59.0772736018 47.8835372431 57.431135902
Case #96: 39.6083251854 39.2571154998 63.1393741195 52.9542932376 35.0425992728 44.174051098 68.0563097177 43.4716317268 49.7934060673 48.7397770106 55.4127610366 44.5252607835 41.3643736133 53.6567126087 50.8470351241 48.7397770106 45.2276801547 46.632518897 48.0373576394 62.7881644339 68.4075194032 34.3401799016 62.7881644339 65.246632233 46.9837285826 53.6567126087 37.5010670719 63.4905838051 68.7587290888 39.2571154998 37.1498573863 46.9837285826 44.174051098 49.7934060673
Case #97: 54.3028522983 40.8615613094 43.8120885996 57.2533795885 44.4677613308 64.1379432657 34.9605067289 61.8430887066 56.2698704918 35.2883430945 61.1874159755 65.7771250936 36.2718521913 44.1399249652 59.5482341476 45.4512704276 36.9275249224 46.1069431587 35.9440158257 45.7791067931 46.4347795243 61.5152523411 50.0409795457 50.3688159113 63.154434169 38.5667067503 47.7461249866 54.9585250294 63.8101069001 61.1874159755 37.5831976536 33.9769976322 47.7461249866 48.4017977178 43.4842522341 45.123434062 54.3028522983 41.5172340406 48.4017977178 58.8925614164 56.2698704918 51.352325008 36.9275249224 56.5977068573 52.6636704704 56.9255432229 40.5337249438 65.1214523625 39.2223794815 38.5667067503 59.5482341476 62.8265978034 49.057470449 38.5667067503 51.0244886424 55.286361395 45.4512704276 41.8450704062 59.220397782 42.5007431373 40.2058885782 35.2883430945 50.6966522769 56.9255432229 63.8101069001 58.5647250508 35.2883430945 66.7606341904 44.4677613308 34.3048339978 44.1399249652 35.6161794601 66.1049614592 56.9255432229 50.3688159113 63.154434169 66.4327978248 38.2388703848 65.449288728 60.2039068787
Case #98: 48.2546088594 39.4885188258 41.6800413342 62.3429678419 57.0206988929 41.0538920461 56.0814749608 63.5952664181 36.0446977412 38.5492948937 53.8899524524 41.6800413342 39.8015934699 39.1754441818 63.5952664181 44.8107877748 54.5161017405 49.1938327916 53.5768778083 51.0722806559 54.2030270964 48.8807581475 39.8015934699 43.2454145545 47.6284595713 45.750011707 65.1606396384 65.1606396384 63.282191774 35.7316230972 65.7867889265 38.8623695377 38.5492948937 63.9083410622 46.3761609951 44.4977131307 55.4553256727 65.4737142824 34.479324521 62.3429678419
Case #99: 38.9894297852 52.8516584729 55.9706599276 52.1585470385 56.663771362 34.4842054617 63.5948857058 62.2086628371 40.7222083712 41.4153198056 52.5051027557 57.0103270792 46.2670998462 45.2274326947 49.7326570182 52.8516584729 47.653322715 48.3464341494 34.8307611789 34.8307611789 68.7932214637 39.3359855024 60.4758842511 56.663771362 68.7932214637 61.5155514027 51.8119913213 68.1001100293 47.3067669978 52.8516584729 42.1084312399 35.8704283305 41.7618755228 35.8704283305 50.4257684526
Case #100: 67.1979893325 41.3541559324 56.4822535325 47.9726986324 41.6693246324 67.5131580325 39.4631437324 48.2878673324 41.0389872324 41.6693246324 61.5249527325 56.7974222325 55.5367474325 64.6766397325 61.5249527325 50.4940482324 52.3850604324 36.9417941324 68.1434954325 39.4631437324 43.8755055324 49.5485421324 40.0934811324 41.3541559324 40.7238185324 66.5676519325 41.9844933324 37.2569628324 62.1552901325 42.6148307324 67.5131580325 52.7002291324 47.0271925324 44.5058429324 44.1906742324 45.7665177324 41.9844933324
Case #101: 35.3275425907 39.2930716203 63.8793516034 57.5345051561 50.396552903 42.4654948439 52.3793174177 51.1896587089 32.5516722701 41.275836135 55.5517406413 53.1724232236 52.7758703207 69.8276451477 46.8275767764 52.3793174177 38.8965187173 50.396552903 49.2068941941 60.3103754768 51.9827645148 68.2414335359 34.1378838819
