1000
3
1 -5 3
-2 1 4
5
5 4 3 1 2
1 1 0 1 0
7
677 463 -569 516 401 -998 882
890 588 959 909 948 -617 -655
8
-912 937 167 366 -222 -397 190 -216
354 -222 28 -236 75 869 -622 -56
4
-741 160 176 -378
-665 -149 744 497
1
-466
89
8
495 895 799 -887 -880 -976 994 703
-1000 834 602 433 145 909 -973 382
4
940 -148 -578 560
107 427 729 834
7
-192 -634 503 -837 571 -965 -892
-743 -107 742 -447 862 530 -985
2
326 868
106 111
8
-815 -997 582 910 -496 936 856 -583
921 200 -932 -928 722 963 -826 -762
7
-762 -139 -650 -171 507 857 -729
394 -107 855 -914 936 276 -574
8
343 873 -183 -903 380 0 -249 355
509 -615 -481 -832 -253 -354 -93 -148
7
223 -662 764 708 -547 694 265
255 30 -454 -845 800 -988 -905
4
694 -79 -179 864
559 -871 243 -253
8
231 -430 923 -303 -957 535 -846 395
507 862 -624 -6 -836 -94 -718 939
7
-395 896 -112 -244 986 302 -482
-635 134 -825 652 -650 -857 150
4
-71 -508 162 -240
369 -293 -763 59
7
559 -203 -874 -980 -172 898 624
943 -107 -990 -653 -979 429 834
4
382 -808 899 205
974 652 328 -833
8
-718 -596 -776 -173 418 682 -733 758
620 980 -911 364 -275 905 185 -837
3
-660 -598 -463
94 868 -674
7
673 820 327 -152 102 137 113
596 -230 197 837 -641 -47 208
3
-40 -545 -602
-675 -746 327
7
-952 307 -417 865 699 934 824
662 587 321 875 906 767 -540
8
-539 609 973 -345 281 -591 -618 -217
-247 -717 932 -819 -857 65 -923 576
7
769 21 -340 388 -801 17 450
-123 119 296 477 -771 13 -909
6
-831 919 448 -819 -701 371
-647 705 803 -281 -373 958
8
493 736 460 704 759 -245 -970 986
-576 399 -966 408 -817 598 -869 -56
7
-573 -993 -902 -896 828 -528 -635
551 -889 548 432 930 -961 -886
8
-712 -593 -982 799 -972 616 906 178
-772 998 651 867 -973 807 -215 -302
4
-140 -326 -84 -56
637 188 -94 -439
8
-986 -926 -600 918 988 649 712 998
888 901 871 703 711 514 924 -901
7
451 24 775 824 -374 916 -831
933 -769 -180 -955 -472 -932 -417
4
-545 -307 -824 -239
-409 636 265 -569
5
-933 -363 -947 -943 -625
991 863 970 -599 940
4
-957 -586 -832 743
-506 914 -751 -847
3
894 752 -831
-669 848 -620
7
201 -569 859 -852 814 -553 932
678 216 -655 -337 1000 79 -391
7
452 757 667 -704 442 949 928
-404 97 614 129 791 578 708
8
-227 -443 464 -591 54 -365 -107 -30
828 35 356 387 325 87 239 -44
4
-400 -909 -14 753
-996 47 -973 685
8
-262 949 531 -801 -586 903 -289 -827
-39 -35 -745 -711 -863 941 -875 865
7
259 -776 609 984 -874 800 -131
705 836 679 926 513 -746 999
7
-270 219 265 694 -132 102 -96
-159 -389 -419 -653 949 130 585
7
-705 970 -997 843 868 -685 -795
23 -712 -989 895 517 828 831
8
-415 -126 -146 -124 -165 48 464 534
270 -276 13 -249 34 -164 210 136
3
-210 109 -145
-314 648 -329
4
367 65 -294 452
607 -358 -972 852
8
-293 -168 -654 -33 373 -365 491 -547
71 345 -288 -219 222 371 -87 -222
8
693 976 -558 858 997 -754 283 -684
-920 760 368 -122 78 -171 -205 771
6
129 950 -205 -943 896 834
-762 251 520 -595 -238 -828
7
-677 1000 -973 -957 -524 -687 860
997 651 -406 -745 536 607 -896
4
-617 -925 404 -334
306 798 414 673
8
-999 -948 -987 927 -680 184 260 879
-597 -341 -173 -869 -676 -916 625 -408
2
-684 730
543 -972
5
47 -447 155 -5 132
835 397 724 -105 782
6
623 -488 -825 703 883 853
-181 -658 -900 -702 -992 787
8
639 912 934 525 -785 342 862 477
-676 823 -361 608 -962 763 -659 781
5
474 232 -851 -213 938
-598 -524 -870 514 30
8
194 -65 534 101 143 -142 639 -162
-50 -437 -76 76 -269 -573 -132 764
5
734 -621 -676 -755 828
214 73 903 -487 362
8
-814 663 662 1000 -949 774 -174 -947
935 738 767 -981 -502 490 344 893
5
577 -271 -37 -956 -26
-164 168 377 -146 -878
8
-813 481 971 -695 572 971 -938 454
-360 -256 -250 -650 917 948 105 -642
6
43 260 -111 -13 -517 22
-70 -936 421 231 519 657
8
-781 672 938 -565 860 -417 886 -188
654 -900 -902 488 704 788 -266 -846
6
-848 450 -404 -825 -704 523
-902 908 332 829 -477 839
8
-115 -279 -181 -799 -746 -261 885 106
-34 -773 409 27 -159 -565 -494 -689
6
-273 -30 94 -951 356 1
-124 240 225 -147 -21 -130
7
-856 651 -268 -93 -682 670 290
699 -671 -425 774 967 997 463
5
-590 -709 -687 409 -631
-944 -785 -382 -420 747
6
687 833 543 -994 913 850
-727 689 -788 -996 923 575
5
-882 691 -71 -131 -872
908 -274 -95 -440 846
8
761 822 -898 760 953 -184 -956 -122
-248 790 -872 -395 -439 960 -745 220
6
-774 -808 684 -399 815 -976
263 -541 -563 762 -758 -104
8
-672 481 -603 932 656 -639 -527 -747
-309 -993 970 -514 -995 652 729 218
7
-963 -382 -960 679 731 -748 84
-470 216 -946 263 -919 3 597
6
280 219 237 205 275 -777
-855 -566 -741 464 621 252
4
515 884 -904 479
994 969 709 -808
5
231 382 -626 -846 -716
-839 84 -536 -258 877
5
-441 -773 286 467 316
686 -404 886 235 984
7
-881 46 478 -794 81 -912 482
-124 -854 515 365 819 -842 961
8
1000 997 996 994 995 997 999 995
995 993 1000 992 998 994 992 991
4
-541 830 -775 -373
971 272 782 -720
5
847 239 -200 856 -62
-180 -67 421 -244 -103
8
122 -281 -540 196 -39 -250 -328 -806
116 509 159 232 -838 -307 -320 540
8
742 93 -530 550 101 437 -286 -259
-20 101 -934 132 965 904 -992 -950
6
477 890 662 -863 -244 -838
-911 -824 530 471 130 543
6
-311 -388 381 124 -863 624
892 -961 962 -672 -851 -935
6
-904 651 505 -463 -502 -887
745 287 774 -636 633 921
8
719 -939 304 -778 -112 -998 -501 202
596 928 949 614 -512 682 -617 -984
4
873 514 -759 -761
-380 -851 -735 398
4
137 -391 -738 129
296 253 9 -367
4
-988 -744 -708 -458
516 374 -869 844
5
-505 -502 48 -424 194
-811 690 -438 -325 -350
8
306 922 -475 -872 268 -642 820 977
995 -872 253 -643 536 476 -989 903
8
-278 619 689 -705 723 -266 437 46
475 92 371 -770 770 872 -316 -773
8
570 -910 282 -272 -822 950 -492 -383
-964 917 43 -876 842 -370 -129 -647
7
-767 -402 622 915 -782 275 -41
-530 -486 -788 -591 -664 -993 -124
4
549 679 997 480
695 -640 686 110
6
-313 -89 3 -934 127 -540
-55 60 379 -345 -19 -172
6
377 861 709 -182 773 823
591 -896 850 -639 -955 -743
5
-596 171 687 -280 868
676 -446 -330 -544 -945
5
-46 363 971 543 -638
898 661 -404 554 -430
6
481 257 597 154 -518 981
-57 50 203 849 -669 178
2
-298 565
-905 64
7
974 -732 -304 934 -937 -277 253
802 -922 -406 -855 177 893 969
2
-560 -694
73 -65
3
-956 -37 971
-588 607 -767
7
-560 -729 -782 939 -562 -563 882
499 991 502 -895 549 973 -853
4
-569 660 -805 862
-648 663 544 -748
8
691 -246 674 800 915 751 -415 619
179 -413 -471 909 772 738 300 535
3
-662 254 695
653 -634 -866
8
-867 -873 707 -306 893 -860 781 -572
389 -687 68 974 993 505 955 -932
4
932 712 -734 148
-579 315 16 -491
8
95 -72 -605 -248 66 -302 -662 666
379 48 839 -340 821 -337 140 -180
8
387 101 164 123 50 -232 -170 -350
-261 -567 -171 219 -914 34 -109 126
5
312 770 839 -374 -232
-636 812 -976 972 -839
6
583 978 218 987 425 -683
-665 -742 -963 87 628 716
8
221 565 272 967 -647 -648 212 946
-780 94 -656 -226 -100 697 -981 -711
5
-778 -718 774 -940 821
-560 -856 -727 -894 -981
2
983 -542
-554 471
7
-943 442 575 -660 -960 626 -547
-810 751 -102 571 -721 -871 -895
6
868 -561 897 597 -643 897
283 -922 964 809 623 929
6
740 -102 -704 648 -865 6
-147 897 -591 -699 -592 76
7
-127 537 -172 106 831 -425 520
-128 -973 -438 573 -190 -60 -443
3
559 -429 862
-633 383 826
7
198 -120 -128 431 276 -215 388
991 917 309 8 233 303 261
2
-823 -850
-809 819
8
-996 -995 -999 -994 996 990 992 995
995 -997 -997 -992 998 -992 994 -997
5
-175 -713 -256 100 -567
167 -208 -991 -373 336
3
80 656 -178
-80 204 116
6
746 -893 632 -615 -533 804
-184 503 -796 165 -752 572
8
-950 521 -464 -497 -669 -792 430 616
-821 -558 59 -647 -794 397 783 950
8
-139 -140 -473 825 286 414 -166 -75
-157 832 -967 -373 -741 399 -284 333
4
-333 911 931 564
-14 -925 809 -710
6
852 170 167 -231 -359 292
-36 -74 138 165 -408 686
7
-834 480 -523 -209 -543 55 528
925 -906 563 730 776 -718 -953
8
-655 -954 593 -188 627 902 598 -717
756 415 -531 -631 -436 -712 -622 -343
6
-62 -111 -619 338 811 -440
424 240 -165 56 -439 -670
3
864 -560 -193
878 -894 914
5
735 852 -300 -604 720
417 -830 809 -945 -529
5
-743 -680 265 -748 -720
-811 319 727 -373 629
8
-193 93 -373 -932 491 -17 454 867
-289 96 532 -727 -827 224 -64 968
8
-156 453 974 687 914 -413 -467 -629
-318 -25 999 132 178 -411 900 -238
8
-647 175 44 920 -275 -430 -237 264
95 254 -541 910 -74 -937 690 -43
5
343 521 343 -503 -12
-209 -847 -451 981 -36
7
402 294 -843 -108 -284 -457 -427
31 -87 831 248 790 638 -477
6
-490 734 -604 -615 372 -721
-82 946 -595 -621 -758 -937
6
-957 904 -812 -269 13 -861
-463 -661 -547 985 -856 -663
8
-499 731 -676 -867 490 -523 965 -658
874 -749 901 738 638 563 610 -645
4
686 -375 734 -341
241 -121 690 -740
4
-670 -622 784 970
-901 546 652 253
6
-566 -225 75 -320 -592 -237
64 279 142 -272 502 74
6
-900 720 587 804 755 -25
335 -705 47 -661 716 52
2
399 629
-396 493
6
963 237 934 -928 -943 468
630 526 262 948 826 948
4
-118 -204 592 -615
46 -590 -810 698
7
716 -332 -910 -478 911 -310 -143
876 -627 683 -777 929 976 -652
7
-900 -397 134 304 169 972 -256
-995 319 -641 62 -552 -935 -479
7
742 -622 -831 797 889 816 637
931 923 383 908 -453 250 -644
3
828 616 447
597 -33 -877
8
-608 -967 917 -157 505 -643 483 -543
529 -555 -961 400 873 -936 -781 708
7
98 -709 774 142 -821 763 522
888 -796 452 -906 216 -818 231
6
465 483 -679 972 -906 556
727 404 919 763 -578 925
2
-929 -844
-272 943
7
851 -421 985 183 996 882 923
-777 462 -932 -34 -677 -920 247
6
46 874 682 -229 -932 -459
-186 425 664 322 -992 -223
8
369 619 270 223 291 721 -976 -461
344 9 550 -46 451 245 -330 505
4
769 438 -204 590
435 986 970 696
5
-78 -356 -197 485 86
652 -806 26 862 -19
7
784 312 -755 -334 -59 313 264
401 711 -848 -986 800 800 803
7
38 726 -768 -982 -978 539 -350
-790 545 934 142 920 143 -974
6
571 571 691 895 190 -829
-612 -729 -852 654 364 -721
6
903 -659 410 237 -518 929
534 -275 902 -510 742 -347
6
853 24 608 -999 262 331
-816 -776 868 -454 -772 -793
3
252 -953 -157
-455 153 -176
7
-202 -516 942 187 -812 -562 -369
810 -450 937 785 474 940 562
4
-962 849 -401 -355
874 995 365 974
1
885
563
8
-912 -930 -503 923 718 750 -666 112
-397 688 207 -628 478 423 779 997
8
727 556 -523 -763 -381 871 748 -725
-846 -967 883 -889 939 1000 -159 975
5
231 926 -747 -590 -191
848 -712 922 -616 623
7
899 675 -912 98 144 -964 793
316 744 816 -592 305 356 -489
8
-945 490 -711 913 -959 -486 934 364
-735 -762 -336 133 -7 453 924 264
7
365 162 959 452 795 -185 936
-126 -871 520 -992 641 -622 -743
7
662 493 -690 977 -188 -856 -746
-649 527 -721 591 669 -604 -944
6
-803 905 -118 498 981 919
-569 -339 -202 775 -269 -630
7
829 -823 -129 961 206 334 -974
-756 -872 706 -465 53 -289 -405
3
-926 734 986
550 99 845
5
515 -678 30 -383 -79
77 -29 -552 -887 -801
7
-473 839 809 -638 78 -567 -511
470 -499 752 597 948 -940 430
5
-934 -910 -807 662 -750
-930 636 465 574 527
8
53 628 -1 814 -28 -42 195 74
-251 -662 198 41 -612 103 -544 18
7
72 -23 -120 130 -422 161 235
20 -195 -989 -301 920 672 179
3
-430 675 892
305 -732 439
8
792 -472 -344 329 -800 -38 -847 756
-558 781 679 -659 -581 -879 -872 738
5
70 311 922 -216 288
-340 332 -525 -374 -965
4
-855 808 728 -252
872 503 464 452
7
-51 -433 -383 -96 156 129 673
-41 336 93 -15 172 -68 720
8
871 -977 -615 -93 515 966 -503 504
880 -931 -722 347 -640 340 -983 78
5
492 9 806 -149 5
469 857 731 -804 -907
8
756 -840 -368 -40 142 -934 -715 281
851 -968 -591 -705 845 -652 -785 -121
7
-834 -938 -664 531 -792 687 910
794 -973 -902 -611 856 -933 -719
7
861 231 -421 -986 971 -798 999
744 991 964 -867 -932 -712 290
7
968 -563 -111 -224 723 19 -905
-111 -392 210 -337 -941 268 4
8
-467 -797 -773 556 460 708 -809 -801
-250 -179 407 -22 -203 191 -284 -734
8
-1 0 0 -1 1 0 -1 1
0 -1 0 -1 1 0 1 -1
7
297 772 527 -933 770 850 -910
709 -738 31 -749 -970 756 597
8
985 248 -427 823 927 -747 338 -991
700 -742 -939 831 -294 516 236 -538
1
-831
890
8
-137 -782 349 89 -91 -176 489 -96
-63 31 263 145 371 459 115 564
7
879 622 -757 889 855 755 -776
-930 -119 993 -103 -450 727 893
7
-455 -750 474 -258 -620 611 988
-406 -819 -660 455 752 52 634
3
39 524 -343
-21 -178 253
8
-688 983 804 671 -663 233 -996 -832
-598 522 -464 488 474 -621 287 -479
6
-214 617 514 476 -1000 -949
708 525 -661 -674 -316 881
8
-567 339 -226 -131 -95 512 -46 396
-478 -416 -32 -105 32 14 134 -980
8
-648 234 -221 -244 -296 584 69 198
-362 -542 86 -179 -507 431 486 -322
8
-647 -424 -938 -799 -554 -813 80 461
789 692 977 600 821 -633 548 881
7
-761 -311 -551 -442 516 -12 797
-937 948 -361 868 -306 825 -640
5
895 692 -362 -554 897
-898 733 -480 -620 -895
5
-943 215 -650 944 -926
-900 550 -624 -976 -806
2
-537 723
279 997
4
750 797 921 481
-533 -852 -760 -52
8
-131 203 74 633 -91 -118 236 -491
718 -593 -911 505 -314 64 -196 -614
4
-733 973 157 -340
-466 -980 721 -816
6
-491 598 900 -704 -583 282
-428 893 -293 -613 -787 -882
2
260 221
916 795
7
-483 -207 -802 -527 -971 -846 536
-381 -805 733 954 979 -634 -271
7
362 -981 845 -233 -240 252 706
-891 -666 813 895 684 -565 -923
8
-549 -800 757 -952 -785 -678 -818 -815
968 684 -699 -943 -842 812 58 -787
4
523 -32 202 -390
-305 -579 360 -588
5
-307 -588 256 -143 -76
590 107 -546 -801 -123
7
-849 -853 -831 259 -461 -25 -288
-494 -726 823 357 -688 67 -123
6
626 -95 -163 164 195 -101
298 -314 935 -45 -54 60
8
802 954 559 -989 603 620 -977 -868
799 -993 -464 -676 -889 -953 -950 -475
6
817 -890 748 -837 849 898
778 921 -498 -707 929 -639
8
290 -392 -425 900 831 -113 -790 71
199 -834 -526 615 -337 -648 -991 -384
8
980 999 -520 874 492 731 -350 194
675 575 704 -603 -434 491 -21 -582
7
717 -811 961 -549 135 -857 640
-817 -863 805 5 377 -987 -569
4
664 980 952 533
-996 -654 539 -554
3
-376 -399 -236
745 279 306
4
-321 -403 -932 -487
867 990 61 398
5
678 719 -49 -870 -329
-899 110 253 388 404
6
361 351 -206 -778 338 -46
334 80 501 -578 -916 922
6
174 -990 407 295 629 -812
-817 193 -174 -445 89 -46
1
-787
-64
2
-832 -545
988 781
8
-726 -145 638 -325 -819 -744 -717 431
238 -842 -537 -779 -875 -720 529 393
1
994
-912
6
-359 21 -957 50 -613 122
-554 522 758 -370 -639 -648
6
-972 550 408 -237 961 930
220 -905 -596 -838 888 658
7
-947 423 567 -948 -927 -683 -932
683 -571 -355 -741 -211 763 670
7
-634 722 250 -850 36 -171 177
799 889 -555 -836 972 472 -905
5
-95 -540 692 -38 -58
220 348 695 -197 68
6
790 492 302 -860 -41 -490
88 150 536 492 -940 -76
8
-767 858 -579 -888 -813 394 -916 -936
-731 888 -727 -467 903 691 -792 585
8
-930 411 256 -632 -558 368 848 -26
-244 802 -281 -976 -877 -777 -269 106
8
982 -944 -745 509 -732 670 -648 -784
490 -802 949 484 963 -652 440 -730
6
-246 375 331 29 834 94
603 -562 75 444 89 -205
7
-104 -892 42 8 410 -100 456
781 -798 -29 -504 -812 -827 -821
4
-758 -651 12 602
-920 -686 -423 -739
7
681 -470 866 -733 18 -31 -190
184 377 -911 196 -303 -294 142
6
419 644 -278 84 260 921
-96 -926 858 314 -777 -779
8
-213 993 676 -581 -524 910 660 727
-793 277 606 544 -776 679 856 -99
8
955 697 990 -608 -860 677 517 647
912 427 -41 -581 883 -974 444 942
8
-909 -667 903 -233 411 -755 -775 -843
-854 -743 -948 -789 -718 372 -811 -887
7
-614 921 -823 513 -543 -755 -827
-632 954 -442 -944 985 716 -862
3
-536 -760 673
774 -576 262
6
-149 920 -61 -674 319 -139
27 -535 -616 829 123 49
7
904 -818 -669 -847 880 673 -990
-271 -810 491 -558 46 -874 759
7
-156 522 930 492 249 -968 729
-380 431 -956 804 -872 633 -892
8
359 -809 132 -347 27 -311 -461 -264
295 332 -696 -343 95 473 -190 158
7
692 -112 -910 917 -987 -762 -570
-355 -962 638 984 -960 -987 133
8
-518 309 639 -88 -203 516 -871 -719
-969 -562 -897 997 872 -851 -448 652
7
753 242 -321 694 101 71 85
320 725 657 -838 -89 -298 876
8
962 880 504 -957 -598 949 478 627
381 228 927 118 -945 -627 -800 -122
7
593 -394 -683 542 903 -986 609
-471 -786 142 -671 317 -670 931
8
638 394 517 -198 -687 958 808 939
802 -967 -759 820 553 898 -721 -501
3
838 -240 264
-980 295 -344
5
-58 -841 -442 -448 -995
-208 675 -249 -748 476
7
-704 -775 -687 954 -278 982 834
-837 934 668 -954 646 811 -447
8
230 293 465 -546 27 921 -335 60
-494 -749 162 277 -680 879 -56 678
5
517 -575 -44 -408 -143
133 516 133 183 757
7
316 -958 -935 -703 -964 977 739
726 327 -985 806 978 -483 874
5
-906 -414 -533 -683 385
574 91 -133 157 -517
6
-635 736 450 -929 -974 -756
-622 987 -705 811 -834 -706
8
881 -530 594 251 -141 -556 -965 724
555 605 -944 -769 -712 631 -733 -946
8
-131 -717 -308 441 -226 -154 -424 64
139 -241 -376 -7 430 -241 351 842
4
493 349 -140 407
-657 -285 69 -142
7
897 -710 679 -871 669 -824 178
793 47 588 -147 266 158 682
7
-770 222 -472 948 980 992 543
-600 -569 61 -960 -828 -925 996
8
854 -673 834 -312 -809 961 952 -713
245 -774 574 777 592 923 -221 305
8
703 -171 -869 -474 883 -999 -514 -809
351 -930 -700 349 -226 -951 -457 -646
1
985
-428
6
919 935 631 -140 366 954
759 -870 553 -942 -752 703
6
-38 -592 -846 -866 -102 -602
849 -302 -920 -748 215 868
5
-771 -489 822 -745 -940
-72 -935 903 -780 -507
1
-952
-947
3
-565 900 -796
-916 -771 -979
1
-794
727
5
16 -740 116 -897 -224
157 336 990 -962 252
1
-479
-513
4
-921 769 -379 -920
-802 772 760 506
8
372 -618 -227 -718 -261 477 936 -309
-308 720 479 827 582 681 860 -970
8
-681 -929 801 -832 -984 432 46 -291
-973 -215 612 -276 -541 -428 -662 -805
7
-947 380 235 954 826 946 727
-846 -365 548 902 727 -188 -403
3
645 -836 585
-832 -831 806
8
712 3 934 -883 -883 988 -468 915
-607 -880 424 550 -935 831 -917 -710
8
-594 -732 -773 254 -653 -657 398 177
-58 -349 741 243 332 977 -413 -491
7
295 -769 -731 -75 1000 -872 856
726 -676 909 -4 767 -796 -920
6
-654 -84 -371 916 635 -505
-417 -872 -487 -550 -905 -806
7
-501 16 -164 -391 -297 -675 232
-84 410 -59 -120 173 -105 477
4
999 -933 589 838
749 -850 -469 922
5
714 723 -547 95 177
536 -401 -975 -519 -761
7
-896 -775 -484 531 825 397 -966
761 928 -557 302 -741 -369 -246
7
703 181 -590 -217 119 -64 574
316 327 -150 -977 -670 -3 226
8
-588 -8 -28 -848 963 277 -673 -947
792 673 -205 732 -869 871 804 803
3
128 668 424
-354 785 959
5
-720 514 -873 899 -629
-425 786 -905 -348 609
8
-405 552 -951 -821 855 -24 -305 999
565 850 406 113 -788 -332 -440 -143
2
607 755
-648 519
5
-849 631 388 513 -814
-253 580 768 316 587
7
168 395 851 644 -990 876 -927
-535 995 511 -484 -201 859 571
3
928 -855 920
-315 -189 -997
3
228 -987 992
973 -983 -926
7
-978 807 813 -855 477 -832 532
-996 767 -617 -893 915 -271 86
4
744 -619 -874 723
-644 -172 -129 36
6
627 -752 842 -648 -939 756
-865 407 -721 -501 -853 941
8
-528 256 -111 -280 -37 9 88 -35
-347 -701 290 181 889 -703 -23 -450
6
620 -852 381 -993 -624 -502
807 779 -544 -813 390 -652
8
-16 786 792 861 -876 -172 -927 646
-920 26 610 -946 -859 685 835 403
5
-216 -672 359 -991 -987
-320 -532 -573 871 668
7
-222 -128 96 250 275 263 -77
284 276 473 -234 -76 -6 191
1
-739
910
5
764 518 -39 -532 914
-858 997 -937 -378 559
8
707 -200 -284 873 440 -707 983 -687
-862 773 -917 359 537 689 503 -723
8
-58 -918 -249 -285 171 -138 -168 -467
-845 707 -289 413 -822 254 -905 17
7
904 -744 953 985 -389 741 558
751 -804 -911 -731 587 116 -513
6
441 737 576 708 -655 931
-647 -957 532 107 692 -969
8
184 184 184 184 184 184 184 184
184 184 184 184 184 184 184 184
6
-788 -121 -895 705 -934 896
997 940 112 -982 -500 -842
6
508 -900 -849 629 490 162
-404 84 -536 -438 -391 933
8
-486 208 -990 -601 553 -356 -355 -270
-54 -888 -930 753 -738 489 -762 -163
7
955 750 -683 -22 38 -955 296
817 649 -582 831 559 414 -744
6
785 918 707 -110 887 -80
686 315 -238 -95 708 436
4
750 224 413 967
-98 -293 213 863
4
634 -659 137 925
-653 921 555 -653
6
-205 418 3 859 580 -298
-946 209 233 611 390 340
6
78 328 -630 -225 -162 -706
35 859 -215 126 868 536
7
-134 -285 734 652 -65 49 336
519 -877 -317 235 -809 -789 -146
8
156 -104 -118 -409 -227 -4 270 -118
-487 268 -573 715 447 -41 -77 164
1
312
840
7
-623 912 157 -120 33 248 -364
540 587 214 409 -4 541 -337
8
-985 -934 -807 710 -594 -112 367 898
52 -524 472 -905 941 -706 268 956
6
-969 250 68 -751 -602 -582
389 721 611 -886 805 819
3
126 -573 -315
-767 -298 -435
3
153 -865 -766
-470 -868 -956
5
-523 -311 177 166 199
67 53 247 -344 646
8
401 -630 -211 -653 813 273 436 -809
502 -124 294 229 -164 146 -732 -316
8
148 -144 905 930 630 272 542 -876
-789 -878 386 260 -435 -960 252 979
5
826 214 -974 864 -171
-590 829 -553 -533 -34
3
895 -336 -563
-760 -459 830
5
314 779 902 -424 564
712 -965 405 -536 -898
8
-988 978 -218 -497 -722 439 -980 952
352 -891 -401 -668 773 -727 702 848
1
-707
-763
3
322 997 858
38 997 969
8
99 -211 -394 -412 -553 118 266 -553
-320 -446 -109 -880 -687 -143 423 184
3
-437 -310 921
600 44 -205
5
-988 858 680 -995 946
-613 515 776 857 -713
4
965 114 -987 787
-624 993 936 -332
7
-741 -31 450 -165 641 -626 -172
-19 641 -553 -422 -343 981 276
8
852 276 -791 -918 -746 -985 613 943
-478 -428 -795 671 -859 -658 -957 748
6
189 501 671 981 -466 61
-55 -26 -113 190 272 475
2
-521 524
-903 688
7
-972 657 82 462 -763 -476 -960
-425 922 -914 -997 -242 -61 -307
3
123 -975 984
-590 -859 -638
3
911 -694 -650
-467 682 -154
7
228 74 18 263 -82 -8 -168
620 -214 80 575 -461 986 299
7
-743 -712 -172 529 -25 354 23
795 -33 151 -754 232 -842 -351
4
896 829 -104 524
851 460 674 -777
8
-896 -235 -734 844 759 -761 745 -715
543 -721 983 714 953 -750 776 838
4
-472 -727 891 -973
678 648 -853 712
5
-272 -928 -497 16 674
-637 168 0 -25 468
6
-543 623 872 -312 -765 873
-625 718 493 -686 -811 -700
5
938 283 -654 451 775
850 89 -838 -779 626
8
-51 629 788 555 -997 838 100 -858
-898 938 -938 -598 -843 760 866 922
8
-299 -164 -564 -922 -624 947 912 708
-667 -270 673 -931 -749 414 524 8
6
-556 -983 908 -775 405 915
493 584 617 991 65 555
8
-209 211 -95 -397 368 -85 8 -54
762 982 202 -129 -358 -663 -220 -465
8
-951 975 -773 536 779 344 82 988
-979 -248 789 -551 938 918 -325 -316
8
-350 850 -998 -649 640 -777 -964 18
689 637 -219 -848 -709 -469 -915 -746
7
941 966 -830 -564 -181 -837 -720
29 582 -245 -974 937 -618 -929
6
-50 82 309 30 -544 -825
-31 81 387 109 208 -9
7
569 379 774 746 685 -906 545
725 374 20 -488 -549 834 719
5
-44 -519 -183 190 332
-474 317 -585 -788 7
6
-797 547 809 -570 -771 -941
807 -754 973 843 -866 559
8
641 -569 -419 -482 776 -82 172 -481
918 90 541 7 135 639 -202 706
8
18 -33 894 262 364 230 756 366
-242 -287 -247 316 -887 661 -19 -706
8
972 -946 -819 918 792 -850 -439 -776
-357 -185 -1 957 314 -542 -955 -687
5
-128 958 608 -550 -871
884 -963 870 884 -870
6
572 187 -419 -944 -571 330
227 -732 185 713 -186 44
6
-757 772 513 452 -763 986
394 -637 -761 728 288 837
6
-235 -616 -220 -101 -294 -433
219 -205 -583 -246 -3 -20
8
-506 -785 862 -478 889 221 308 806
-707 971 -640 860 -958 522 -974 -365
7
218 -128 890 215 -358 -720 37
401 -263 -379 -248 -391 490 231
7
819 832 -933 16 -903 933 998
976 803 957 984 690 -958 -952
6
-523 -493 57 135 -611 -250
558 -762 -812 -744 -94 -544
4
-773 -464 180 -262
786 -400 -606 -175
3
-853 -789 954
794 472 -866
8
859 696 -415 288 -6 412 299 252
388 872 288 984 655 -686 -57 73
7
912 385 -321 1000 -957 877 -432
958 899 300 -75 -990 293 868
1
517
-486
7
-3 135 727 -623 592 199 413
-392 991 967 -697 858 65 -701
4
-845 -685 -375 -520
-372 -634 -906 -999
6
596 394 -184 -660 -208 327
84 -565 -596 131 -367 -383
2
640 38
-550 -480
5
-988 818 -536 681 -875
522 290 -428 734 -989
1
832
511
8
792 -383 -828 668 362 26 249 -647
-735 -823 -996 903 517 803 -814 -500
7
803 761 29 -922 404 318 -341
190 -140 302 -68 -636 -19 -217
8
755 -493 -846 -505 -727 -560 -503 -905
-459 -701 485 736 -847 -968 -190 -341
8
948 -897 -797 -916 -701 652 -651 -752
-829 -155 668 941 355 -809 -391 820
5
692 890 -811 -561 -548
-159 425 -986 397 -887
5
-977 -711 -120 505 -711
-950 996 965 -721 829
8
-910 877 495 -509 751 107 946 517
291 861 576 470 -405 892 -946 -873
4
-504 -418 244 60
-92 13 -222 171
1
845
-169
5
-329 984 634 435 494
-551 643 854 -960 -814
6
-904 993 263 452 -735 -900
-46 -23 795 -948 416 -978
5
-967 404 649 695 -18
754 -578 248 529 75
1
193
518
3
490 -870 274
-169 529 578
7
827 -804 846 561 619 694 632
750 -841 939 -985 829 -891 -941
8
-228 89 873 -498 762 639 139 70
374 674 -561 -220 624 -299 -239 757
8
71 25 -633 329 962 -459 -82 786
138 -456 -862 439 447 115 -208 -840
5
717 846 353 668 -304
103 231 841 -908 -976
6
662 -884 -154 -655 745 714
-332 587 -832 877 -858 810
7
-971 458 -320 -790 483 -624 236
835 546 344 -842 272 -949 -909
8
-543 715 -930 466 -356 960 770 -319
974 -945 911 82 622 755 859 -653
4
765 -681 -865 941
-934 -780 -561 5
8
-848 -511 -780 375 -944 -572 -526 934
-985 381 93 -576 635 867 979 597
1
884
838
8
-444 -251 726 -540 137 883 195 921
948 796 349 411 927 -757 532 -1000
7
756 839 -645 -512 888 -241 -169
-289 401 -899 -768 -684 558 734
8
-235 717 782 -877 -429 -659 359 627
-394 -371 -825 47 571 918 -471 -181
6
-681 -459 801 -779 305 -692
-606 -574 -977 -408 913 656
8
245 145 252 -360 -133 -426 362 -503
-164 350 -169 46 605 -150 743 -680
6
-669 540 87 968 773 -881
-298 470 -695 892 994 -815
8
-427 296 -281 234 -354 190 606 5
151 -440 215 985 -960 -43 24 57
7
-994 808 153 -919 -895 875 -873
-912 952 725 -134 -588 -709 898
8
749 -927 432 468 730 -897 -889 857
987 818 -995 -949 -612 497 759 70
3
-298 215 48
-475 -272 0
6
-434 887 860 -898 -869 645
727 -749 -56 -579 -449 922
6
33 -435 211 -896 93 -197
25 552 474 -194 715 -228
5
550 -998 -200 -736 -567
592 818 -330 -873 -955
7
-262 -784 123 932 308 -336 -307
-258 -167 264 -126 -39 -524 -256
6
765 -304 -989 97 608 -211
658 -822 -629 67 -647 439
4
78 -572 -270 986
220 -203 174 -190
3
-839 -569 -557
573 -717 -519
2
344 407
564 -271
8
282 -442 -777 865 -677 899 830 -986
-492 717 908 462 -240 156 -791 -929
8
-746 672 -640 -844 969 888 862 26
925 -407 58 -981 837 321 -861 -972
6
668 604 -978 -835 -745 -380
834 663 887 495 993 990
8
-333 367 -342 852 -93 985 972 -611
-429 -792 -626 -612 631 909 -759 968
5
971 998 -616 -627 -869
-913 871 -404 -950 -679
6
-324 118 -356 -894 -27 -338
902 -244 183 177 281 842
3
-339 -95 149
926 -515 220
2
21 -999
922 -894
7
-283 825 741 -617 -797 354 -521
-885 -676 -921 882 -838 -936 402
6
-196 95 -373 644 -836 203
-943 -421 -231 417 901 -447
1
961
-724
1
531
793
5
-931 -687 491 220 -900
-568 917 41 417 384
6
828 -438 -690 -615 773 841
-900 -845 -825 -680 -911 676
8
983 -775 608 -842 276 805 -431 458
-948 754 -501 841 549 827 553 653
8
941 -938 705 753 586 727 908 -984
-665 -575 826 988 81 -115 999 917
8
223 110 944 961 476 -905 -346 673
-646 -318 -695 -725 -698 820 205 -881
5
-551 -701 1000 483 704
692 -682 -823 780 806
8
-131 405 63 -424 -388 7 -38 -397
-643 -274 991 271 -574 454 -219 788
8
664 970 806 -721 545 -634 -396 681
-836 882 418 -860 -873 -148 348 -992
4
-835 983 915 -194
-301 -647 -833 774
7
-270 -346 -190 405 32 -40 53
-203 79 -311 724 -522 -899 -794
7
-752 895 -820 86 339 -626 941
895 786 -711 -552 467 612 -765
2
-592 -960
200 -792
7
404 213 113 970 -589 -300 -213
357 -926 138 730 249 -157 904
7
-5 -860 915 771 -855 -194 -184
275 -802 403 751 -501 554 -253
4
-257 -992 893 405
724 505 834 -338
6
-460 157 917 -633 880 975
-822 654 599 906 -857 844
8
743 927 402 -734 -632 732 -47 706
893 794 -775 420 1000 -288 -664 -626
4
-308 -841 -795 -980
626 488 -809 -454
8
606 375 195 -158 599 -869 -526 -735
-786 922 -922 503 785 -924 -377 -968
7
165 -3 -97 273 -704 628 -319
-125 541 -13 -919 265 -206 -310
8
668 -642 717 837 797 881 242 -835
-143 121 995 -650 -489 936 530 918
7
683 609 -545 -279 918 35 -852
-772 -833 -875 925 901 -841 793
3
-15 -972 -681
966 -991 380
4
-6 309 -97 -609
-414 92 65 666
8
-289 -205 398 298 300 -588 -273 -498
-342 970 -292 -560 -359 67 374 231
5
869 926 560 943 811
914 537 959 963 348
3
-102 620 935
-134 113 -336
4
-103 -231 309 -27
118 102 429 -285
8
813 504 -896 -998 -399 -614 -750 820
-607 -214 -724 -932 -820 778 683 -506
5
-484 429 456 -76 -59
587 944 846 -492 990
4
-138 978 -947 -98
-740 -864 644 -3
2
101 136
-219 -297
7
-946 944 571 -878 -682 272 939
924 -937 823 484 703 -815 -960
6
951 -649 418 389 62 -671
-31 46 -566 -80 716 -394
3
534 -276 -636
777 -972 -675
7
865 -566 -224 629 397 -800 -746
-643 -323 -151 -918 236 -854 852
7
-304 986 176 691 997 -549 484
-988 862 972 82 -928 -857 786
8
746 276 212 4 -684 88 816 -471
-571 934 -940 156 -347 -882 379 892
4
-830 -698 830 906
-579 -116 -325 906
8
-205 220 376 -843 -804 -172 -409 223
920 458 966 -835 -110 574 65 -594
7
-15 -7 -51 537 632 330 -572
-245 554 -131 782 295 -69 -374
8
942 666 860 -718 -83 929 428 -341
-878 -626 -644 -981 966 -984 -965 856
1
-244
-51
6
220 -783 619 669 -239 -44
-653 -475 894 -923 406 918
8
732 779 323 -186 -549 759 -861 -724
-582 735 -10 -650 785 571 261 -736
8
-125 -242 982 67 -425 66 292 102
785 -432 290 707 -776 929 -624 -4
2
122 948
-49 -622
8
-872 -989 763 993 480 -756 -855 -50
-591 751 734 -990 -512 -669 -128 -57
3
565 814 -31
-452 766 90
6
55 -831 -322 763 -88 619
490 -786 -105 -603 -81 205
8
643 -686 -679 447 -601 -437 -847 -986
-372 482 896 733 968 722 531 291
5
-943 169 81 559 961
-789 -814 325 169 -887
6
475 -882 426 -35 -870 215
879 550 564 343 952 952
6
-870 957 771 844 283 450
905 488 -877 -971 163 -389
4
-851 72 -447 349
-2 191 432 -550
6
-577 93 885 -194 -65 -372
196 232 96 -816 -947 -472
8
-29 -276 22 -114 -444 -96 150 61
-966 -321 -40 -44 -926 149 -409 -84
4
-65 215 224 277
-3 -331 -527 -237
3
903 267 841
898 -886 854
5
-729 132 -359 -978 -400
369 405 -45 107 -625
4
-627 758 -869 306
-943 -65 -969 636
8
-725 869 679 -909 734 529 714 -734
30 -987 169 -947 715 685 825 867
4
450 61 122 -980
956 -711 343 -861
5
-21 725 -795 -659 206
975 -624 825 -985 -500
6
-6 -863 667 -637 821 733
-877 1000 -920 498 5 211
6
103 -195 -777 -912 472 550
-75 -615 242 -42 -555 860
5
373 -273 840 -87 -660
499 -671 396 223 -212
7
612 -216 -555 663 766 852 -390
338 -505 96 -127 -118 872 631
4
643 534 772 -833
886 247 -599 -330
8
185 -630 -844 -719 798 -817 -628 799
865 -805 -353 -368 562 -810 128 -636
7
-600 130 -278 223 695 -371 211
464 724 466 460 97 700 125
8
891 -780 995 748 -323 441 853 -923
-639 -446 -716 -901 446 845 -951 -814
8
-277 622 -418 643 -920 -981 26 189
-921 390 -717 -526 977 694 -104 114
6
92 792 -944 -813 -372 -311
-218 831 853 -227 988 767
8
714 430 -370 -390 -260 577 467 -704
384 -588 885 3 981 951 -692 847
7
-658 724 -603 808 7 -834 -727
-402 -630 644 -490 859 878 571
7
914 -309 -209 -652 615 746 -890
373 928 -169 417 -973 627 -163
3
310 900 -846
-633 -167 565
4
833 772 132 -65
-393 863 -664 -969
2
-461 860
-126 -268
5
-686 -14 -783 -495 -901
-414 878 -228 -535 -874
4
644 843 -929 -599
770 444 561 984
3
454 -945 984
-484 804 -952
5
-664 533 -31 -951 -236
-961 948 399 -166 -930
7
379 -93 -92 -15 421 1 -9
-306 -291 137 -908 -434 14 67
8
881 889 868 -671 -774 -809 943 701
759 662 -820 -897 -119 206 -857 924
2
-897 657
-990 -989
8
-640 -474 39 981 -247 -821 186 -567
-969 -563 -88 341 175 -563 -113 656
6
800 820 -888 934 -660 587
434 -982 -982 -857 -622 -146
3
836 -881 241
524 413 916
7
-36 853 -560 -947 -743 -490 -981
728 -901 770 966 431 -970 802
6
964 -870 713 -985 -621 818
788 -913 925 -547 -136 -962
8
-589 872 684 852 -167 248 729 -629
-707 -873 -844 866 -323 -493 -788 -24
7
245 40 5 -149 -317 -333 271
26 181 969 691 380 235 371
8
-981 926 994 -702 -15 -302 -919 -972
607 -659 953 236 -482 -761 -443 -184
3
-625 731 -739
-334 -479 153
2
-327 127
999 -113
1
528
-407
4
665 665 -939 574
-510 -933 132 -520
2
247 -816
-806 39
5
-383 205 -461 -604 549
-418 160 -154 711 -510
7
-885 793 -404 717 -71 -266 410
-908 -869 -324 -471 749 -415 -704
2
398 588
-475 -68
6
202 -4 -200 158 426 111
-106 947 -915 176 764 -464
3
-558 -230 -263
134 -967 -650
4
-195 45 4 -924
239 162 -78 -214
1
-16
-951
7
824 -937 729 -203 -836 -88 678
644 -147 -828 -91 -721 -796 417
6
301 91 -975 80 -5 252
-109 464 -919 -131 -340 -150
7
904 -837 -686 -904 208 998 928
-979 125 -353 791 -798 912 861
8
-661 699 229 -780 373 901 -372 456
815 -173 307 979 620 379 897 832
2
915 -8
493 426
5
-73 438 12 438 540
380 719 174 974 160
8
-104 -189 -348 391 -55 724 -59 -67
46 757 783 47 -140 375 -109 372
7
77 816 196 231 41 -391 -220
136 81 98 -4 -300 -535 -656
8
-973 640 -217 505 609 892 65 -387
384 596 -809 675 -171 159 -574 -326
8
-433 -645 12 356 399 260 57 -692
557 -64 496 479 -139 -277 477 -991
6
605 -703 -918 -298 296 -950
-269 -805 385 -690 -638 879
6
-457 639 980 -294 793 415
-58 654 -446 -845 -370 304
7
-560 -59 -486 -90 184 -245 -138
656 -220 509 -462 747 -568 -254
8
730 -626 491 -894 -810 -63 722 -343
-806 -425 991 -642 973 621 971 921
6
426 118 438 616 465 173
20 324 182 115 -145 29
8
500 888 865 92 789 -990 -261 938
-938 -753 -643 889 897 -99 -605 618
8
590 210 127 -996 219 432 469 198
309 379 -177 165 531 384 -338 840
8
-923 751 -756 -988 -660 -725 -735 -825
798 -449 338 654 920 -832 768 727
5
984 -450 967 -980 -873
814 -103 882 865 -987
7
707 973 -884 850 784 -452 494
393 -702 -522 -955 950 -916 -825
2
685 -547
155 -711
7
-313 145 -90 284 -97 -53 73
-643 -895 251 -217 350 19 581
5
-159 -552 891 538 800
640 -541 717 -498 -422
2
277 -354
97 -873
7
-3 667 753 -866 114 194 729
-615 382 -863 -957 -751 -43 -716
3
-517 850 -839
-660 -950 703
3
471 722 813
222 -381 -745
5
-28 464 932 -407 -749
-274 166 84 -383 -399
8
-415 -813 -779 786 924 -708 991 712
-692 28 332 439 -68 711 276 131
8
853 -846 -644 -923 -324 -749 -488 789
696 353 -870 862 -745 -895 -848 -780
4
370 893 -700 336
-581 91 735 -398
7
729 861 -460 932 713 -957 -679
609 538 -678 231 601 837 -873
8
-965 -907 -192 638 -857 -812 -832 470
603 668 -606 999 -799 914 -359 757
7
-810 -858 757 961 -721 241 274
-903 841 57 -752 -725 -917 790
8
-597 -341 460 572 -977 789 -506 146
-180 -605 965 -982 -798 -682 -985 -894
4
901 995 282 979
918 -681 299 -927
8
639 412 722 235 -89 852 -526 727
-19 -910 -441 -746 536 -825 309 764
7
-869 336 -366 177 535 527 -350
-299 -355 -855 908 115 576 686
4
990 374 -659 -495
957 -555 45 537
7
683 -485 709 547 578 475 946
131 998 -731 436 -903 -882 422
5
892 -991 387 657 -453
-981 635 -423 470 -688
5
-313 -696 939 857 -608
991 -364 -963 143 591
5
225 -24 155 -7 532
136 0 905 -773 -391
2
854 -859
747 176
3
-976 672 -535
328 -779 -837
8
-308 595 789 723 986 -429 -861 -135
-756 17 936 380 -82 982 853 915
5
963 -860 772 -931 -409
948 -445 -737 977 517
5
590 -513 -697 337 936
-790 -635 564 681 -950
7
-12 974 141 -23 692 -958 224
977 -670 306 117 -860 548 83
8
333 839 -828 -579 97 -232 -995 -161
307 177 -319 776 794 -267 810 514
5
-779 -331 -394 492 129
560 862 21 -545 -162
7
-46 192 135 962 151 -35 880
-51 -303 -192 -463 498 124 -863
6
120 -794 196 361 805 239
325 -856 -236 434 -197 787
1
322
563
6
474 938 396 641 593 -207
519 633 870 -977 -928 -714
4
57 -321 -90 -273
117 -199 -190 -146
1
-147
644
7
-846 643 527 876 202 975 715
-983 419 703 944 -910 -163 -949
3
-933 -752 -481
43 835 -466
3
744 229 -612
893 689 -189
5
-269 593 -149 267 -744
409 339 -204 112 -48
8
857 976 977 428 557 -723 -986 549
-688 740 -730 288 832 794 -784 -700
7
71 9 -285 362 292 433 302
464 463 263 126 361 34 436
5
295 -108 -453 -133 -477
856 -180 55 15 68
1
-817
610
7
591 -980 -858 702 440 -936 -737
-729 271 -791 497 -65 -297 263
8
-965 883 -751 933 -716 779 -371 645
-657 768 -86 183 952 216 -400 501
2
22 133
546 127
7
-344 -493 -910 628 -426 -134 585
684 -37 661 934 443 -688 -391
8
760 -765 948 335 776 -942 -159 908
539 145 878 186 913 897 272 -880
4
-68 250 317 689
-262 47 248 -731
7
-557 699 856 719 -642 265 318
-758 826 624 938 -422 527 998
8
-154 -83 -227 260 -26 292 -365 343
456 -107 31 -217 -82 -115 436 -688
6
844 951 763 764 531 -810
995 -769 407 826 -816 689
2
-264 -817
-797 907
7
-596 -788 848 -807 998 -291 -935
-806 -778 171 915 777 -294 -682
4
-596 910 -102 -632
-960 747 -390 -285
8
-601 565 192 689 848 -724 834 -630
-297 -560 -262 -724 -261 233 -355 180
8
-295 -993 825 -676 -563 -817 -854 -963
258 778 938 662 -332 -931 965 630
7
-828 677 737 156 975 632 -948
958 857 -786 -927 -729 563 -924
6
936 675 -332 -179 652 -696
217 -632 477 -698 -723 971
6
479 702 826 779 854 25
-323 -698 805 13 146 -546
6
693 -140 -593 55 208 -679
-930 -818 -762 258 734 -905
5
9 -538 -970 656 8
710 978 -559 957 946
8
-525 624 895 -951 247 -902 -409 979
-993 708 887 764 -304 -786 -702 -993
7
-146 -945 201 -463 700 62 -954
-441 756 512 670 705 -672 -424
6
598 -834 719 818 933 541
-352 -433 -689 960 -572 639
5
-759 698 711 -787 217
-187 -949 191 959 850
5
425 -850 348 829 955
113 141 -480 693 -811
7
-816 302 763 -500 739 537 329
-222 771 170 913 -455 -17 -25
7
581 798 784 -9 859 326 -923
-596 223 -98 699 137 -941 -405
8
68 -789 -781 704 406 641 806 -556
-901 -846 953 -720 -801 632 817 -806
4
908 -818 173 693
-900 -518 957 596
8
-669 -401 772 -126 282 461 -639 232
-815 124 -422 848 115 217 -534 -874
5
-652 -223 532 -190 620
-327 750 -977 -668 -895
7
811 -615 -764 -938 190 -890 -575
-170 783 -469 806 -296 272 447
3
-228 -952 490
33 -961 921
1
726
-912
4
-169 -244 -962 478
850 -728 657 -999
8
398 779 -787 -458 -314 166 428 -187
17 -361 233 -946 387 -665 -139 605
7
256 -778 609 991 -89 979 -753
207 333 -736 615 -410 18 -480
6
873 -596 384 -550 -408 -959
-356 -159 -143 -116 685 -611
3
-832 -636 973
893 -920 492
2
-877 -674
-686 -925
7
417 -196 -148 955 -934 499 0
846 -202 -956 -459 -811 -907 469
4
950 851 565 300
837 98 598 331
7
-423 879 -595 -294 -949 -844 -795
-622 540 486 725 431 956 -732
3
-355 -317 231
-354 -818 349
5
42 904 797 674 -996
806 -844 -968 -89 -418
2
-572 -765
-766 547
8
880 500 998 73 519 -669 -668 -764
440 -32 -107 831 595 485 -820 583
6
499 438 -944 -105 -117 778
-856 973 231 -281 -262 -40
7
-412 -625 327 10 1 -43 -712
-246 -198 -617 -511 353 -654 36
4
194 891 -338 905
-967 835 -618 -897
5
-924 193 -960 885 -366
552 549 591 438 153
8
-190 -287 -316 536 55 26 -958 349
-482 -25 -922 90 200 121 -102 -242
7
595 705 -405 982 938 -821 285
-332 -932 590 -881 425 -708 705
4
-519 -314 -489 -248
-198 -599 -236 -914
6
787 -902 713 905 -929 -300
658 167 776 -684 717 453
5
635 903 -594 -977 -552
897 -901 -362 -53 765
6
25 -462 -19 594 394 -310
153 274 -402 225 503 -68
7
127 -95 -286 -188 297 -362 644
-466 251 -62 -581 70 371 -401
6
-510 951 -863 -248 563 848
312 452 376 588 -687 290
6
-795 -703 535 -633 872 992
-408 -967 -772 -141 -507 -471
3
-645 972 -975
-148 -653 -840
7
-334 -610 -443 -763 428 619 -642
-193 461 65 885 914 -550 862
8
-601 620 -717 -998 -994 771 -887 -380
-985 -632 613 -186 912 557 761 -401
6
-56 989 -721 -336 -923 923
690 -519 -297 662 965 -685
8
-519 -834 647 859 819 -783 -795 834
373 -405 -523 -923 740 -722 -571 698
8
-290 957 -996 409 322 -179 914 -928
305 595 648 -940 488 82 684 846
5
-179 -789 505 -972 436
496 743 -836 721 -233
6
-36 627 -847 -344 -599 -196
-737 462 329 -716 500 672
6
-929 947 180 -619 408 359
535 877 -548 67 652 186
6
-645 580 911 -851 987 -583
-298 686 122 858 -631 -296
8
380 -169 -878 923 -506 -887 794 782
758 747 -648 -925 922 635 805 -870
7
899 -706 777 -31 601 720 -548
-511 940 611 -237 703 -348 -683
5
681 -402 -434 -963 409
-483 -280 440 458 -237
3
-893 -631 -895
191 55 -228
5
-625 -590 -590 938 -597
637 237 698 582 322
2
325 -966
-706 607
5
-219 -536 452 669 727
401 945 992 -667 609
7
-755 313 -282 428 304 -535 -642
95 76 -708 23 -348 324 85
6
649 308 -151 -190 622 -821
-78 795 -124 -509 894 -898
8
635 -938 -859 -914 53 784 -217 647
494 775 -270 -684 -720 -909 -851 -6
3
-498 -501 -367
602 -98 -760
2
-348 -394
108 -135
2
-919 777
-973 570
2
944 -758
996 -136
5
129 -332 785 -226 -6
-848 -411 -304 -293 -497
7
-856 703 12 579 447 -346 432
209 -445 -419 263 -286 -612 155
8
773 -885 -925 -975 -735 825 653 917
-35 -252 841 -896 631 614 -738 -722
1
975
-912
8
768 527 836 -651 91 888 718 596
538 964 -701 -977 963 -910 648 -45
8
-93 469 -709 806 -623 -435 884 -320
-812 128 466 -163 -179 699 -255 -581
3
-187 -350 -319
-718 210 45
8
-864 -604 -845 775 -243 -794 959 -412
-947 -674 -884 279 -745 -744 830 -835
8
989 -889 339 -826 1000 -593 978 -816
-926 918 827 -586 -980 -908 656 998
8
-597 336 -135 -570 543 957 146 280
-880 -60 -86 -94 -659 476 239 -340
7
608 -817 329 -136 -859 -915 -973
-899 618 775 -479 983 -905 566
8
173 -607 69 89 -92 300 -211 -181
-5 904 -105 -634 -306 34 519 -210
8
441 584 635 -243 -710 -258 508 -717
129 -452 621 520 964 -833 301 -982
7
-99 943 545 491 947 -752 -641
-812 -986 -902 -909 -952 616 -431
1
978
999
8
503 -816 -157 425 -702 855 917 798
-700 -783 769 -902 -949 -987 262 -921
2
627 -994
-5 -726
8
-612 -910 -374 -734 -913 -986 -533 -12
856 501 -751 -804 -357 -402 -908 -709
8
315 -763 865 906 855 667 -244 -786
-922 117 958 -589 986 941 -759 82
5
684 -687 697 -846 669
-854 -465 971 704 971
1
184
-826
2
711 678
484 -170
4
468 287 -206 -123
-863 -354 633 208
8
417 -300 380 -859 -501 -970 -539 -293
-913 727 -912 931 943 -593 992 -850
8
-480 896 913 -839 900 137 922 853
634 647 -545 -960 853 -52 763 419
6
709 358 951 899 420 890
363 -751 -447 -247 1000 578
8
-557 433 875 -832 -950 -530 815 -323
-830 -90 -469 -783 -749 195 991 -691
7
144 -192 199 192 5 -195 214
676 -268 -67 -773 -85 -525 540
7
203 958 803 294 232 735 -578
623 -566 -907 -606 832 -826 945
7
727 -253 -580 437 -833 -640 267
-642 -540 -485 870 -386 -347 681
7
-607 -80 289 -743 893 215 -222
-135 -274 894 481 638 -268 -379
1
902
-127
8
800 -682 991 -338 817 834 867 -797
989 -883 968 -455 -863 690 -800 -571
6
-33 -763 -597 -569 -455 691
19 503 -703 795 -225 286
8
-412 -325 -745 -450 -899 817 -990 -923
822 771 -930 737 879 -761 967 -697
7
-849 -134 539 623 -542 -891 -933
932 -567 196 165 702 396 -804
8
-902 -856 356 197 519 -86 734 -694
963 796 87 914 -816 963 -887 737
3
291 564 -681
694 323 -53
4
-440 143 -676 804
-833 -712 -419 -368
2
-826 -922
44 712
8
674 -123 -279 722 598 -673 623 726
292 -398 -485 888 -963 53 -443 62
4
-866 -950 -980 680
74 772 630 -744
8
-627 -727 701 -623 927 -678 69 38
-868 -217 -552 -734 -812 -724 -825 953
6
-889 921 -783 227 879 -260
-990 -630 868 -967 926 -803
2
342 -982
-789 867
6
910 -118 -621 400 438 -503
-351 -898 -343 503 -378 -578
2
-277 991
-31 -940
7
-998 511 -572 864 -762 -980 843
-999 -360 382 940 772 965 791
4
-781 -529 545 45
-64 994 -573 234
1
-760
-395
7
-451 -575 196 -39 323 509 921
361 163 109 -493 535 -73 -488
6
-453 218 619 -862 346 -656
626 -790 -889 -999 633 824
4
-876 -642 73 841
-270 374 -936 -993
4
403 898 -247 808
344 612 108 363
6
-817 -940 -896 667 532 -37
-769 -812 573 807 781 652
3
-601 -52 787
392 597 834
2
300 -200
-41 228
3
-739 -512 -564
983 -743 519
6
-179 379 -386 149 968 490
425 606 136 -178 195 684
5
178 1000 320 -864 -761
777 665 260 -636 839
1
-833
-264
8
22 -662 50 80 270 402 302 -291
-922 509 266 151 251 808 212 -258
7
-410 983 -672 -981 -972 -364 -935
-84 818 -939 -799 -767 -845 -819
4
751 -258 -452 -473
-955 -424 773 460
8
0 1 -1 -1 1 0 0 -1
759 -866 556 976 971 196 -857 -891
4
668 562 498 -371
5 -509 -41 626
6
-686 927 969 -931 752 -588
869 -801 225 920 -57 -833
5
-984 -995 -246 -969 -363
675 -939 165 -973 17
7
875 646 887 881 -248 -783 -393
-867 182 -766 349 371 987 501
6
867 688 848 785 -945 -927
-394 840 829 -576 228 -994
6
704 -994 -293 858 745 977
807 976 264 625 621 980
7
-46 571 -523 85 118 -345 -272
-947 -13 450 -156 903 202 -936
8
366 -642 694 860 971 547 920 -78
-894 820 764 -172 948 -779 -940 694
5
-500 -467 -703 162 -992
-986 942 361 670 882
8
-997 884 -655 -517 635 -537 -141 934
-696 23 681 -316 491 756 -188 -828
8
-14 43 -163 -613 -47 65 63 -444
459 548 -524 -21 882 -712 -617 -156
8
-587 555 985 200 -88 -922 -951 489
-886 -514 -634 205 609 999 834 458
7
879 843 -642 932 839 -669 69
490 881 631 469 713 915 -702
5
227 677 -687 -575 852
-663 958 435 -314 -509
8
789 650 768 -962 800 958 998 916
31 960 -936 960 990 275 58 78
5
-778 637 24 -969 904
-851 847 -239 482 -882
6
600 -977 -726 -943 272 -801
548 562 840 941 -338 -321
8
923 904 706 815 -437 -681 -625 -290
299 872 502 383 -891 -986 -381 747
5
866 -491 350 543 920
-769 -817 787 -705 -227
1
640
962
6
-747 147 880 -130 84 501
-138 140 -409 370 -259 101
5
400 -202 -647 -592 897
-334 -302 454 -35 433
5
-908 -110 -677 -275 -601
-970 -516 279 -21 299
7
205 149 823 503 -977 294 85
-198 -287 -192 891 -326 888 289
4
-302 -804 666 -618
-672 826 -868 892
5
278 784 -568 -767 -874
-959 -700 -654 962 -981
3
566 -344 642
131 411 30
7
487 -555 230 1000 -578 -775 171
868 -747 406 -350 -419 -705 -486
6
-500 226 -570 497 -448 13
172 40 689 985 876 295
8
961 297 358 -602 944 443 471 688
200 853 181 -765 130 301 712 -34
5
740 294 -614 617 843
602 -877 815 995 463
8
-214 277 547 -923 -644 -179 557 464
140 -904 -413 698 877 -802 -441 777
5
477 817 920 340 -642
-972 -39 698 -984 -355
3
884 898 14
-851 -838 -828
8
259 -570 -793 -905 -998 -227 -646 375
710 910 -724 988 787 330 326 -194
6
819 868 629 -619 -749 -723
856 907 254 806 -497 -297
2
-13 220
405 61
8
758 947 -903 -702 916 -975 -822 962
-735 853 956 478 -466 -606 -961 -679
8
-281 -208 279 -458 267 -77 -364 120
682 -70 -482 -217 -232 479 201 781
8
261 -3 285 775 -783 -12 377 -309
611 884 10 31 322 -178 560 111
7
990 788 -802 251 -75 694 419
-564 -996 911 -105 305 903 -695
3
233 -9 358
-92 -106 -201
2
299 -437
129 351
8
912 -871 528 -744 374 -400 410 -366
848 853 -940 46 -213 899 -304 765
2
-407 -791
762 -964
8
900 409 -829 644 -973 419 -358 -959
802 -251 104 901 338 -467 -934 -909
7
-380 -807 -109 246 233 -509 6
694 -6 106 281 -181 14 242
6
-274 -220 -959 -949 -145 653
122 -289 -85 -597 934 933
1
780
513
8
768 -693 -531 -820 -933 925 929 711
593 -858 991 -940 -410 -210 644 723
7
76 -636 -187 -704 651 -732 -960
-678 926 135 637 297 266 -763
7
-2 230 80 417 704 155 -65
-653 -257 565 -40 -142 -147 91
5
606 -562 360 -256 -617
722 -669 -180 -597 524
7
-130 -814 -910 -276 -631 -27 14
997 852 277 898 936 -683 -498
2
259 -630
557 -105
4
-952 -403 699 -543
-978 -980 -636 -926
8
963 -914 806 -734 553 -747 961 -662
587 -954 882 469 952 800 516 673
8
144 939 295 873 -553 287 582 -300
-105 -373 -422 -708 276 451 -144 -925
7
-929 699 -702 817 859 962 -855
153 863 629 681 487 980 445
8
285 806 889 -741 521 -349 -885 867
-841 876 931 -180 867 305 -750 153
5
316 962 881 -376 513
-429 86 -969 640 -995
5
975 316 -193 910 -265
826 961 -515 188 969
5
-749 -571 831 982 -994
592 797 -740 -947 928
7
-853 -818 -295 -488 -297 841 956
768 860 289 487 603 808 -957
6
-732 662 948 -978 758 -521
-153 720 -202 -349 781 208
6
389 334 886 -683 595 55
-320 993 190 831 -566 928
7
409 -339 -692 246 -505 -48 -963
994 598 -209 -132 -338 522 -879
6
-661 773 -641 907 -482 -341
-721 -453 -773 -344 -122 -784
5
141 -286 564 620 -974
789 -449 -682 54 -824
3
505 -346 474
-696 -473 269
3
555 -993 895
-905 -671 775
6
98 887 970 -947 -452 779
499 -503 924 -899 -548 787
7
-69 -97 -558 742 -578 -774 543
179 756 -748 293 -463 356 288
5
-568 529 -439 259 835
-816 175 795 823 -5
7
958 846 294 672 -700 -519 -940
-579 876 1000 -800 958 663 729
7
-8 684 255 1 90 -193 -579
-79 730 -702 -138 -58 810 722
7
-962 513 -942 732 757 -955 -6
-108 -725 -631 163 582 327 -316
3
-167 -363 172
-213 -183 -493
6
-575 348 408 -77 -504 -462
-886 572 600 316 -178 215
7
944 966 -427 -583 -833 651 542
-649 128 -999 845 361 886 938
7
756 984 213 -882 -182 -830 924
757 -742 466 906 238 665 -593
8
-118 -958 -707 -713 918 887 -627 -127
550 -855 106 904 -952 -584 889 199
8
-461 831 759 -773 -745 -981 863 980
737 964 -805 673 -546 522 618 -991
8
-206 -878 -803 463 -405 213 878 -110
-578 584 478 77 -939 940 -450 811
8
-156 -772 981 -855 -238 802 852 550
453 200 414 44 -393 526 -179 837
8
-451 773 -883 459 708 189 -342 79
770 -945 776 177 420 -803 266 390
1
475
935
3
549 -772 -442
239 926 274
8
-395 822 781 914 -775 -906 -959 -322
-655 -945 -469 270 -998 -204 -891 -911
8
937 -681 -973 -580 674 -463 353 913
936 -651 484 716 674 -14 592 466
6
-580 -886 755 312 854 964
597 891 940 690 99 -722
8
277 936 -942 -411 -236 -762 616 442
-882 -975 798 892 707 724 709 331
1
-535
-375
6
-80 783 274 3 -900 -507
240 88 -201 -952 668 -871
6
723 970 -727 309 -245 770
704 273 -826 -495 242 91
2
-202 886
-980 821
8
236 642 262 513 943 -440 -556 817
28 194 555 -533 891 -847 877 -769
6
-162 734 160 574 -1000 -415
966 234 -865 -772 904 -830
7
938 -328 195 -666 -904 194 -841
-766 519 104 -452 -461 -756 318
8
-494 -671 596 354 -557 691 -565 951
-128 337 -631 -346 887 -33 472 -839
3
290 -679 -502
928 354 -906
8
37 162 271 -879 188 16 -801 143
-119 -657 78 147 39 -140 -556 -222
3
94 -712 -239
-756 -122 -749
7
-829 783 -38 672 534 846 656
-369 -167 69 613 4 389 -697
7
-321 -595 -924 837 -426 -144 762
80 703 857 -167 -598 831 -265
4
434 -626 114 163
-115 -10 967 -238
5
-467 150 415 191 -328
403 464 350 -641 -126
6
4 744 740 836 932 -984
411 -883 294 906 -581 297
6
599 -853 544 -697 -631 -701
-990 139 -946 93 -680 660
4
146 776 -24 405
865 486 -572 -733
7
562 -807 -62 679 -858 -672 80
-616 -693 -952 725 -105 -796 -950
6
660 956 194 534 -540 803
949 -941 760 930 584 -846
7
134 563 62 3 643 -12 -387
-120 814 204 129 186 -191 113
8
-531 -649 -442 922 679 -667 -747 576
-177 764 -711 871 19 640 -16 670
6
-102 153 773 -419 -491 -853
-570 -680 -702 -616 860 -897
6
180 494 567 940 -689 686
-450 953 271 -246 -850 -940
8
-275 855 295 347 258 -199 821 126
39 846 531 -489 -626 463 533 328
6
-918 233 546 -993 -976 -596
854 -6 650 597 -917 -374
4
246 28 49 16
90 -673 199 937
8
-537 -842 -813 924 787 -966 690 659
194 -836 -966 921 -798 830 917 824
3
804 -813 -457
-209 499 -873
7
-845 -918 113 40 -515 118 843
-166 545 -979 856 -151 -32 410
7
728 -98 -831 -255 -667 -656 -112
299 -67 -838 531 -446 -242 -152
6
-905 380 105 392 457 714
664 986 -584 -486 -568 -392
7
708 -821 -968 827 241 -927 -664
253 -444 685 -570 377 -898 -855
7
992 598 -956 -996 633 308 976
927 -744 -454 -627 951 873 -898
1
-953
888
6
-50 316 795 -198 958 -359
-619 -215 -864 298 86 -465
3
968 -178 -99
865 -816 244
7
664 773 602 710 -823 554 607
-772 -162 605 146 -160 277 -954
5
741 947 68 732 806
-446 950 -740 -569 818
3
-413 919 -65
907 638 695
8
-142 -75 387 7 -793 -301 -84 19
-538 181 -549 -306 428 211 60 -272
8
835 -567 913 -385 619 677 -596 -890
119 954 -999 -427 891 915 140 999
3
-543 -994 747
736 -768 -193
6
692 -663 723 256 -949 724
-813 -499 -226 -375 -679 -917
6
-614 -905 880 548 -701 -378
89 543 -358 -119 219 -569
8
-895 -596 -732 -971 576 -916 402 224
164 -180 -171 -690 -897 -99 749 642
5
854 553 -776 -700 523
784 -243 -412 835 -211
4
693 846 -788 439
335 -899 965 -977
8
484 -380 440 841 -762 -565 -247 -619
-87 164 761 -928 333 390 488 -260
6
-87 -454 -390 -432 536 -836
-934 -415 -514 335 -305 691
8
427 900 -982 620 -764 -869 577 -982
397 553 617 949 -965 816 585 -268
5
271 -334 727 379 -334
15 -402 -181 150 269
7
768 33 -104 -230 -165 -911 106
-726 188 -603 529 -147 33 457
6
495 106 644 -749 -88 256
-900 505 -565 -432 -155 434
6
197 -667 -676 -433 -749 430
-736 -74 -561 554 -582 -894
7
453 226 -174 -200 68 20 -150
-336 -904 249 161 169 270 41
4
191 70 -356 -29
153 403 -504 483
7
-495 -359 73 251 -620 -72 -458
573 -398 -20 461 -978 -517 -94
5
-439 751 559 -253 -557
111 852 708 -773 -600
2
-412 -817
593 728
4
-12 -640 414 -214
-326 361 -13 301
8
217 103 737 772 281 421 255 -780
-713 -190 849 -936 -344 -640 -862 -937
1
857
-290
7
528 294 0 445 -456 -900 -780
278 -223 -46 433 62 201 -155
8
988 896 -303 -642 298 975 -454 687
-828 663 -948 -893 -310 -52 532 927
7
616 872 668 -629 -396 928 836
574 -862 -791 109 308 -753 640
7
-806 -782 -539 743 -817 962 974
-954 -614 708 -467 801 -518 -729
7
-950 773 803 607 449 -933 859
-984 -104 725 -899 601 -675 -859
6
-440 -957 795 451 -299 -622
373 -847 -954 663 938 703
8
982 -699 523 -814 -356 987 -214 -942
-913 955 612 -410 695 -652 -777 -917
2
862 -715
-910 375
7
654 -567 -846 -161 -770 758 -525
-981 609 -973 -454 229 -788 971
6
792 975 -911 -382 -811 -373
809 803 -751 84 655 587
8
502 -230 -212 -199 -123 -67 -354 -669
439 -821 749 174 -167 -472 -323 283
5
-773 587 236 681 4
358 892 -971 971 -593
6
858 509 -889 -457 -101 -370
-902 -802 -43 663 -932 505
7
-371 -647 398 -38 -826 -920 -97
491 -256 -16 958 -777 -77 -57
3
-518 -429 575
203 -742 -310
7
-214 -250 4 -581 198 -369 410
-190 -36 -62 221 19 -283 -121
6
792 798 259 -48 -899 214
145 -842 613 -595 802 790
3
373 735 -463
-51 31 -852
3
131 530 130
75 367 732
5
700 363 -499 -158 -323
-142 -382 -872 -43 -491
4
-190 203 -307 919
10 558 -137 -934
5
273 513 458 223 -763
-181 -863 -738 -440 -828
5
616 -413 -763 466 908
-980 824 -936 72 969
7
916 -936 -313 -870 517 -846 -330
488 -382 993 277 -29 300 -869
7
521 874 -537 -359 -401 885 -684
-631 914 -819 -804 -122 739 -417
8
874 -486 400 633 980 -329 -534 -678
809 525 -912 -499 487 -986 579 135
7
-571 812 475 618 442 752 -817
836 -920 466 920 -967 -978 92
8
997 745 982 736 813 472 -697 954
-441 338 -979 559 -586 446 -869 -876
6
979 459 758 -503 -649 460
80 -396 434 693 829 -931
2
-988 -778
-918 -828
2
-474 59
4 197
6
790 -581 -161 22 279 61
280 -421 -356 483 -418 82
6
710 -891 338 679 -949 616
904 -289 -871 -179 -324 -816
6
-672 -291 -701 -736 668 -970
-904 953 527 -570 642 328
4
589 156 -872 -283
-717 469 743 22
2
-970 -719
-485 -233
6
192 -512 -885 516 -314 637
342 -113 -413 -636 303 -735
7
-663 485 -791 -928 -775 173 946
60 887 -756 -693 -381 968 -920
8
627 623 458 554 -147 -746 218 -868
792 978 325 -852 -667 687 -105 337
6
-458 925 -856 -857 719 984
545 956 -135 -931 -460 819
4
-716 869 407 604
-596 -658 893 970
6
45 594 829 -975 -47 -752
881 -763 879 -697 -739 857
2
-895 497
-299 851
8
639 -101 288 626 967 824 -882 988
-114 -655 937 -811 615 -988 -311 220
8
343 637 686 -5 667 336 -512 -877
827 -673 7 990 -392 -470 836 -886
5
766 633 -288 948 -544
737 -116 658 -829 278
4
-305 336 268 144
-64 -108 -727 311
8
-515 -817 -745 -889 901 -841 863 582
895 -465 805 -457 652 912 799 733
4
-135 872 210 293
-438 -884 739 -775
8
-893 823 683 -751 974 572 758 -492
-406 999 532 838 795 -513 729 -753
