100
272 38
234 154
203 114
602 214
1360 1283
2000 1999
396 150
1113 953
1482 103
1859 946
940 382
1809 822
1666 1543
1735 609
711 4
1679 45
1846 420
1385 1368
1614 743
1935 569
1753 1717
1945 509
2 1
1084 519
1286 718
637 186
2000 1
531 80
1964 935
1490 1365
1911 1222
1847 525
1619 1520
1609 407
1365 219
1822 1630
1240 230
1899 1682
1308 665
293 2
891 620
1770 1558
466 464
1571 873
1673 1656
2000 0
1650 1325
954 886
1385 54
1746 32
1334 160
479 172
376 337
1542 277
1539 79
1767 456
687 595
1533 1452
1180 529
1050 599
1373 151
589 317
1948 356
563 184
1291 829
1 0
1950 470
1669 380
1879 524
320 93
1221 78
1736 482
1739 172
641 272
1241 650
1249 169
1664 469
920 624
1803 537
1561 751
1448 755
1703 1373
1393 367
1113 756
1786 1656
1843 370
1114 29
1305 851
578 527
1721 72
1510 1190
1969 1326
1688 1539
1961 1600
914 212
1398 451
1010 482
1526 861
729 25
1917 145
