Case #1: 40.0000000000000 60.0000000000000 
Case #2: 37.7525512860841 50.0000000000000 62.2474487139159 
Case #3: 50.0000000000000 
Case #4: 50.0000000000000 50.0000000000000 
Case #5: 50.0000000000000 50.0000000000000 50.0000000000000 50.0000000000000 50.0000000000000 
Case #6: -49.4987437106620 51.0050378152592 51.0050378152592 51.0050378152592 51.0050378152592 51.0050378152592 51.0050378152592 51.0050378152592 51.0050378152592 51.0050378152592 51.0050378152592 51.0050378152592 51.0050378152592 51.0050378152592 51.0050378152592 51.0050378152592 51.0050378152592 51.0050378152592 51.0050378152592 51.0050378152592 51.0050378152592 51.0050378152592 51.0050378152592 51.0050378152592 51.0050378152592 51.0050378152592 51.0050378152592 51.0050378152592 51.0050378152592 51.0050378152592 51.0050378152592 51.0050378152592 51.0050378152592 51.0050378152592 51.0050378152592 51.0050378152592 51.0050378152592 51.0050378152592 51.0050378152592 51.0050378152592 51.0050378152592 51.0050378152592 51.0050378152592 51.0050378152592 51.0050378152592 51.0050378152592 51.0050378152592 51.0050378152592 51.0050378152592 51.0050378152592 51.0050378152592 51.0050378152592 51.0050378152592 51.0050378152592 51.0050378152592 51.0050378152592 51.0050378152592 51.0050378152592 51.0050378152592 51.0050378152592 51.0050378152592 51.0050378152592 51.0050378152592 51.0050378152592 51.0050378152592 51.0050378152592 51.0050378152592 51.0050378152592 51.0050378152592 51.0050378152592 51.0050378152592 51.0050378152592 51.0050378152592 51.0050378152592 51.0050378152592 51.0050378152592 51.0050378152592 51.0050378152592 51.0050378152592 51.0050378152592 51.0050378152592 51.0050378152592 51.0050378152592 51.0050378152592 51.0050378152592 51.0050378152592 51.0050378152592 51.0050378152592 51.0050378152592 51.0050378152592 51.0050378152592 51.0050378152592 51.0050378152592 51.0050378152592 51.0050378152592 51.0050378152592 51.0050378152592 51.0050378152592 51.0050378152592 51.0050378152592 
Case #7: 149.4987437106620 48.9949621847408 48.9949621847408 48.9949621847408 48.9949621847408 48.9949621847408 48.9949621847408 48.9949621847408 48.9949621847408 48.9949621847408 48.9949621847408 48.9949621847408 48.9949621847408 48.9949621847408 48.9949621847408 48.9949621847408 48.9949621847408 48.9949621847408 48.9949621847408 48.9949621847408 48.9949621847408 48.9949621847408 48.9949621847408 48.9949621847408 48.9949621847408 48.9949621847408 48.9949621847408 48.9949621847408 48.9949621847408 48.9949621847408 48.9949621847408 48.9949621847408 48.9949621847408 48.9949621847408 48.9949621847408 48.9949621847408 48.9949621847408 48.9949621847408 48.9949621847408 48.9949621847408 48.9949621847408 48.9949621847408 48.9949621847408 48.9949621847408 48.9949621847408 48.9949621847408 48.9949621847408 48.9949621847408 48.9949621847408 48.9949621847408 48.9949621847408 48.9949621847408 48.9949621847408 48.9949621847408 48.9949621847408 48.9949621847408 48.9949621847408 48.9949621847408 48.9949621847408 48.9949621847408 48.9949621847408 48.9949621847408 48.9949621847408 48.9949621847408 48.9949621847408 48.9949621847408 48.9949621847408 48.9949621847408 48.9949621847408 48.9949621847408 48.9949621847408 48.9949621847408 48.9949621847408 48.9949621847408 48.9949621847408 48.9949621847408 48.9949621847408 48.9949621847408 48.9949621847408 48.9949621847408 48.9949621847408 48.9949621847408 48.9949621847408 48.9949621847408 48.9949621847408 48.9949621847408 48.9949621847408 48.9949621847408 48.9949621847408 48.9949621847408 48.9949621847408 48.9949621847408 48.9949621847408 48.9949621847408 48.9949621847408 48.9949621847408 48.9949621847408 48.9949621847408 48.9949621847408 48.9949621847408 
Case #8: 50.0000000000000 
Case #9: 50.0000000000000 
Case #10: 50.0000000000000 
Case #11: 50.0000000000000 
Case #12: 50.0000000000000 
Case #13: 50.0000000000000 
Case #14: 50.0000000000000 
Case #15: 50.0000000000000 
Case #16: 50.0000000000000 
Case #17: 50.0000000000000 
Case #18: 50.0000000000000 
Case #19: 43.1222870170513 40.3943889573790 65.9684332668065 36.3025418678706 48.9190703938549 35.9615546104116 56.7617773154126 59.1486881176259 51.3059811960681 34.9385928380345 65.6274460093475 45.5091978192645 32.2106947783622 62.5585606922162 59.1486881176259 52.6699302259042 60.5126371474620 50.6240066811500 32.2106947783622 40.0534016999200 60.8536244049210 52.6699302259042 37.6664908977068 63.5815224645933 59.1486881176259 47.5551213640187 62.8995479496752 59.8306626325439 36.3025418678706 42.0993252446742 64.9454714944294 59.1486881176259 47.5551213640187 42.0993252446742 43.4632742745103 57.7847390877897 57.4437518303307 46.1911723341826 46.1911723341826 57.1027645728717 41.0763634722971 34.5976055805755 58.1257263452488 58.8077008601668 48.5780831363958 37.6664908977068 64.9454714944294 34.5976055805755 46.8731468491007 57.7847390877897 61.8765861772981 51.6469684535271 38.0074781551658 63.2405352071343 51.9879557109862 54.0338792557404 42.7812997595923 43.1222870170513 53.6928919982813 48.9190703938549 66.3094205242656 50.2830194236910 32.8926692932803 48.9190703938549 47.5551213640187 42.7812997595923 64.2634969795114 57.4437518303307 55.7388155430355 59.4896753750849 51.3059811960681 43.8042615319694 63.9225097220523 36.6435291253297 36.6435291253297 41.0763634722971 56.4207900579536 42.7812997595923 65.6274460093475 32.8926692932803 35.6205673529526 63.2405352071343 38.6894526700839 47.2141341065597 41.7583379872152 60.8536244049210 54.0338792557404 63.5815224645933 62.5585606922162 44.4862360468874 34.2566183231164 41.0763634722971 35.9615546104116 54.3748665131994 62.2175734347572 40.0534016999200 53.6928919982813 47.8961086214778 47.5551213640187 63.2405352071343 
Case #20: 64.0501745950521 43.2052158754247 59.6794574441625 41.8603798289971 66.7398466879072 45.5586789566729 36.8172446548937 54.3001132584522 47.2397240147074 37.4896626781075 53.9639042468453 54.3001132584522 52.6190682004177 62.7053385486245 56.3173673280935 40.1793347709627 59.3432484325556 33.4551545388248 36.1448266316799 63.7139655834452 56.3173673280935 63.3777565718383 37.4896626781075 63.0415475602314 40.5155437825695 41.8603798289971 59.0070394209487 44.8862609334592 66.4036376763003 60.6880844789831 53.6276952352384 46.9035150031005 34.1275725620386 42.5327978522109 40.5155437825695 60.6880844789831 62.0329205254107 54.9725312816659 57.9984123861280 37.1534536665006 66.7398466879072 45.5586789566729 51.9466501772039 35.1361995968593 55.6449493048797 37.8258716897144 35.1361995968593 37.8258716897144 48.9207690727419 46.9035150031005 34.1275725620386 41.5241708173902 60.6880844789831 42.1965888406040 45.8948879682798 46.9035150031005 37.1534536665006 39.8431257593558 49.2569780843488 40.5155437825695 51.2742321539901 42.1965888406040 51.2742321539901 59.3432484325556 61.3605025021969 64.3863836066590 66.4036376763003 42.8690068638178 65.3950106414796 40.5155437825695 43.5414248870316 65.7312196530865 39.5069167477489 38.1620807013213 64.7225926182658 36.8172446548937 56.3173673280935 33.7913635504317 51.2742321539901 58.6708304093418 57.3259943629142 50.2656051191694 38.8344987245351 36.4810356432868 61.0242934905900 62.3691295370176 52.6190682004177 48.9207690727419 46.9035150031005 61.0242934905900 58.6708304093418 52.2828591888108 61.0242934905900 43.2052158754247 42.1965888406040 60.0156664557693 39.8431257593558 55.9811583164866 39.8431257593558 64.0501745950521 
Case #21: 43.9794636430004 37.9117338319146 48.3617129510068 62.5197491768737 60.8342686737943 37.2375416306828 57.8004037682514 42.9681753411528 34.5407728257558 43.3052714417686 50.0471934540862 37.2375416306828 52.7439622590133 47.3504246491592 53.7552505608609 49.3730012528545 53.0810583596291 60.8342686737943 60.8342686737943 48.3617129510068 48.0246168503910 49.7100973534703 35.5520611276034 52.4068661583974 35.5520611276034 47.6875207497751 40.9455987374575 47.3504246491592 65.8907101830325 42.6310792405369 49.0359051522386 64.2052296799531 34.8778689263717 44.6536558442322 48.6988090516227 34.5407728257558 61.8455569756420 52.0697700577815 40.6085026368416 57.4633076676356 34.8778689263717 55.4407310639403 39.2601182343781 52.4068661583974 49.0359051522386 54.7665388627085 56.1149232651720 65.8907101830325 42.6310792405369 55.4407310639403 41.9568870393051 67.9132867867278 66.2278062836484 58.1374998688673 62.5197491768737 40.2714065362257 60.8342686737943 42.9681753411528 63.8681335793373 36.5633494294511 37.5746377312987 58.4745959694832 40.2714065362257 36.5633494294511 44.6536558442322 62.1826530762579 38.9230221337622 49.0359051522386 67.5761906861119 40.9455987374575 52.0697700577815 63.5310374787214 54.4294427620926 35.8891572282193 49.3730012528545 36.2262533288352 58.4745959694832 58.4745959694832 46.0020402466957 64.2052296799531 67.9132867867278 48.3617129510068 35.8891572282193 58.8116920700991 59.4858842713308 34.5407728257558 66.9019984848802 47.6875207497751 49.3730012528545 40.9455987374575 40.2714065362257 40.6085026368416 38.9230221337622 64.2052296799531 40.9455987374575 59.4858842713308 49.7100973534703 43.6423675423845 66.9019984848802 66.5649023842643 
Case #22: 57.9814171567521 60.4147760460058 44.4241319166244 40.9479049319763 42.3383957258355 44.7717546150892 66.3243619199076 40.9479049319763 61.8052668398650 63.5433803321891 46.5098681074133 64.9338711260484 35.3859417565393 38.8621687411874 51.7242085843855 45.8146227104837 52.4194539813151 59.3719079506114 45.4670000120188 64.5862484275835 40.9479049319763 60.4147760460058 39.2097914396522 49.6384723935966 44.0765092181596 38.8621687411874 49.9860950920614 57.6337944582873 33.9954509626800 35.0383190580745 57.2861717598225 35.0383190580745 37.4716779473281 46.8574908058781 56.5909263628929 52.4194539813151 59.0242852521465 63.1957576337243 44.7717546150892 53.8099447751743 51.7242085843855 55.8956809659632 62.8481349352595 62.1528895383299 52.0718312828503 66.3243619199076 39.9050368365818 52.7670766797799 42.6860184243003 44.7717546150892 44.7717546150892 60.4147760460058 65.6291165229780 60.4147760460058 39.9050368365818 45.4670000120188 36.0811871534689 55.8956809659632 41.2955276304411 53.8099447751743 47.2051135043429 66.6719846183724 67.0196073168372 51.7242085843855 65.9767392214428 37.8193006457930 32.9525828672856 40.6002822335115 57.2861717598225 42.3383957258355 56.9385490613577 57.6337944582873 34.3430736611448 40.9479049319763 36.0811871534689 47.5527362028077 62.8481349352595 66.6719846183724 33.6478282642152 40.2526595350467 49.6384723935966 54.1575674736392 49.6384723935966 55.8956809659632 59.3719079506114 47.9003589012725 40.9479049319763 33.9954509626800 35.7335644550041 45.1193773135540 53.8099447751743 50.3337177905262 39.5574141381170 66.3243619199076 67.3672300153020 55.2004355690336 61.1100214429354 53.1146993782447 39.2097914396522 35.3859417565393 
Case #23: 55.5517767748943 41.9409691977340 49.8209104266163 47.6718355460120 67.3716886182178 42.2991483445014 48.3881938395468 54.4772393345922 65.5807928843809 38.3591777300602 41.2246109041993 43.3736857848035 50.1790895733837 50.8954478669184 63.0735388570093 51.9699853072206 61.2826431231724 51.6118061604532 51.9699853072206 31.9119530882475 41.5827900509666 39.0755360235950 54.1190601878248 38.7173568768276 40.1500734638971 44.0900440783383 48.3881938395468 64.8644345908461 61.2826431231724 38.0009985832929 33.7028488220843 40.8664317574319 43.3736857848035 63.7898971505440 43.3736857848035 39.0755360235950 39.4337151703624 37.6428194365255 45.8809398121752 35.8519237026886 52.6863436007553 41.5827900509666 45.5227606654078 64.1480762973114 35.1355654091539 64.1480762973114 32.6283113817822 54.8354184813596 49.8209104266163 56.2681350684291 54.4772393345922 36.2101028494560 66.2971511779157 45.8809398121752 64.5062554440788 50.1790895733837 55.5517767748943 63.4317180037766 65.9389720311483 40.5082526106645 61.9990014167071 65.2226137376135 63.0735388570093 52.6863436007553 55.5517767748943 65.5807928843809 59.1335682425681 40.5082526106645 49.8209104266163 44.4482232251057 54.8354184813596 38.0009985832929 36.9264611429907 56.6263142151965 37.2846402897581 56.6263142151965 56.2681350684291 56.2681350684291 31.9119530882475 41.5827900509666 41.2246109041993 43.3736857848035 54.1190601878248 45.5227606654078 43.0155066380361 64.5062554440788 56.9844933619639 35.1355654091539 62.3571805634745 41.9409691977340 66.2971511779157 34.4192071156191 53.0445227475227 41.9409691977340 54.8354184813596 64.5062554440788 66.2971511779157 55.9099559216617 56.2681350684291 51.9699853072206 
Case #24: 46.0138033797596 49.1361506018800 53.6462077004984 51.2177154166270 34.2182694295270 35.9529067751495 46.3607308488841 35.9529067751495 65.0948141816065 59.5439746756147 32.4836320839046 42.5445286885147 61.2786120212371 33.5244144912781 56.7685549226188 61.9724669594861 58.5031922682412 60.9316845521126 66.4825240581044 52.9523527622494 58.8501197373657 56.7685549226188 35.2590518369005 44.9730209723862 47.0545857871331 51.5646428857514 66.1355965889799 53.9931351696229 46.3607308488841 66.4825240581044 40.1160364046433 34.5651968986515 43.9322385650127 51.5646428857514 46.3607308488841 42.5445286885147 42.5445286885147 34.2182694295270 66.1355965889799 50.8707879475025 39.4221814663944 57.1154823917433 57.4624098608677 49.1361506018800 42.5445286885147 55.0339175769963 34.9121243677760 66.8294515272289 52.2584978240004 46.0138033797596 37.6875441207719 43.5853110958882 47.0545857871331 47.0545857871331 53.2992802313739 55.0339175769963 59.1970472064902 41.8506737502658 38.0344715898964 60.5847570829881 64.4009592433575 60.5847570829881 53.9931351696229 65.4417416507310 60.2378296138636 65.7886691198555 60.5847570829881 41.1568188120168 36.9936891825229 48.0953681945066 57.4624098608677 58.1562647991167 64.4009592433575 53.6462077004984 44.9730209723862 57.8093373299922 64.7478867124820 36.2998342442740 51.5646428857514 50.1769330092535 35.9529067751495 66.4825240581044 36.9936891825229 53.9931351696229 59.8909021447392 36.9936891825229 39.4221814663944 57.1154823917433 53.2992802313739 33.8713419604025 40.1160364046433 59.1970472064902 63.0132493668596 41.1568188120168 46.0138033797596 52.9523527622494 42.1976012193903 39.0752539972699 33.1774870221536 43.5853110958882 
Case #25: 50.0657727507880 34.9380400695437 36.9112225931843 51.3812277665484 64.8646416780922 59.9316853689908 52.0389552744286 66.8378242017328 46.7771352113871 49.7369089968479 48.7503177350276 47.4348627192673 34.9380400695437 61.2471403847512 60.9182766308111 45.7905439495668 43.1596339180461 56.3141840756498 60.5894128768710 56.9719115835300 42.1730426562258 36.9112225931843 58.2873665992904 61.2471403847512 42.1730426562258 48.7503177350276 57.3007753374701 37.8978138550046 53.0255465362489 58.6162303532304 67.8244154635531 38.8844051168248 41.1864513944055 43.1596339180461 45.4616801956267 65.5223691859724 53.3544102901890 59.9316853689908 59.9316853689908 67.4955517096130 51.3812277665484 37.8978138550046 54.9987290598894 41.1864513944055 67.1666879556729 38.5555413628847 56.9719115835300 54.3410015520092 37.5689501010645 66.8378242017328 60.9182766308111 47.7637264732074 49.0791814889677 64.8646416780922 51.0523640126083 37.8978138550046 50.3946365047281 36.2534950853041 44.8039526877465 39.8709963786451 66.5089604477927 40.5287238865253 46.4482714574470 66.8378242017328 67.8244154635531 42.5019064101659 37.2400863471244 47.1059989653272 61.2471403847512 51.3812277665484 38.8844051168248 66.1800966938526 63.5491866623319 65.5223691859724 40.5287238865253 39.8709963786451 39.8709963786451 46.1194077035069 65.1935054320323 42.8307701641060 42.1730426562258 39.5421326247050 38.2266776089447 43.8173614259262 37.8978138550046 37.5689501010645 66.8378242017328 58.2873665992904 49.4080452429078 52.3678190283687 47.1059989653272 46.1194077035069 41.5153151483456 38.8844051168248 49.0791814889677 43.4884976719861 35.2669038234838 39.2132688707649 55.3275928138295 43.1596339180461 
Case #26: 65.8417844866263 52.2553483917495 32.5550160541783 42.4051822229639 42.7448431253358 39.0085731992447 44.7828085395673 33.9136596636659 34.5929814684098 37.9895904921290 61.4261927557913 59.3882273415598 44.1034867348235 32.5550160541783 46.1414521490550 46.8207739537988 33.9136596636659 41.0465386134762 42.4051822229639 57.6899228297002 56.3312792202126 41.3861995158481 45.4621303443112 51.5760265870057 55.9916183178406 55.9916183178406 65.5021235842544 50.8967047822619 55.3122965130968 34.2533205660378 62.4451754629071 65.5021235842544 60.7468709510475 38.3292513945009 47.5000957585427 39.0085731992447 33.9136596636659 33.2343378589221 56.3312792202126 65.5021235842544 44.7828085395673 49.5380611727742 42.7448431253358 54.2933138059811 44.1034867348235 47.1604348561708 48.1794175632865 46.8207739537988 42.7448431253358 63.1244972676509 66.1814453889982 59.3882273415598 54.6329747083530 35.9516250778974 38.3292513945009 34.5929814684098 64.4831408771386 41.7258604182201 50.2173829775180 63.1244972676509 65.1624626818825 39.6878950039885 46.4811130514269 34.2533205660378 48.1794175632865 54.6329747083530 45.1224694419392 58.3692446344441 49.5380611727742 59.7278882439318 57.6899228297002 48.5190784656584 55.9916183178406 66.1814453889982 64.4831408771386 62.4451754629071 49.5380611727742 49.5380611727742 65.5021235842544 37.3102686873851 47.8397566609146 52.5950092941215 58.3692446344441 58.7089055368160 52.9346701964934 60.0675491463037 52.2553483917495 63.1244972676509 47.8397566609146 60.0675491463037 57.6899228297002 32.8946769565502 39.6878950039885 64.4831408771386 35.9516250778974 60.0675491463037 37.9895904921290 52.5950092941215 59.7278882439318 47.8397566609146 
Case #27: 45.2580148796132 43.5210239930247 34.8360695600818 39.0048476878944 37.2678568013058 38.6574495105767 54.6377656671915 37.6152549786235 67.8388964052645 49.7741911847435 39.0048476878944 65.4071091640406 46.9950057662018 48.7319966527903 66.4493036959937 51.5111820713320 40.0470422198475 42.1314312837538 46.9950057662018 36.2256622693527 65.7545073413583 54.9851638445092 50.1215893620612 65.4071091640406 52.2059784259675 64.0175164547697 52.5533766032852 35.5308659147173 35.5308659147173 61.2383310362280 44.2158203476601 56.7221547310977 60.8909328589103 57.0695529084155 49.7741911847435 47.6898021208372 56.7221547310977 62.9753219228166 61.9331273908634 42.1314312837538 47.3424039435195 43.5210239930247 57.7643492630509 64.0175164547697 51.5111820713320 35.8782640920350 47.3424039435195 44.2158203476601 37.9626531559413 60.5435346815926 42.4788294610715 63.3227201001343 50.4689875393789 48.7319966527903 64.0175164547697 64.7123128094051 67.1441000506291 42.4788294610715 35.5308659147173 58.1117474403686 45.6054130569309 50.4689875393789 64.3649146320874 40.7418385744830 49.7741911847435 33.7938750281287 35.1834677373996 36.2256622693527 67.4914982279468 65.4071091640406 52.2059784259675 46.9950057662018 48.3845984754726 59.5013401496394 33.7938750281287 39.3522458652121 58.8065437950040 40.0470422198475 52.9007747806029 52.9007747806029 46.6476075888841 48.7319966527903 56.3747565537800 35.5308659147173 51.5111820713320 53.2481729579206 65.0597109867228 55.3325620218269 36.5730604466704 62.9753219228166 50.1215893620612 53.9429693125560 48.0372002981549 34.1412732054464 62.2805255681811 34.8360695600818 38.6574495105767 57.7643492630509 40.0470422198475 57.7643492630509 
Case #28: 33.8948741979910 62.2093296431667 63.2327436954020 65.9618478346960 47.5403948944612 57.0922593819904 60.8447775735197 57.7745354168139 52.9986031730493 37.6473923895203 59.8213635212844 55.3865692949316 56.7511213645786 41.0587725636379 37.6473923895203 41.7410485984614 56.7511213645786 58.1156734342257 49.2460849815200 39.3530824765791 41.7410485984614 63.9150197302255 42.7644626506967 54.3631552426963 42.7644626506967 56.7511213645786 41.0587725636379 62.5504676605785 65.6207098172843 65.6207098172843 57.7745354168139 62.8916056779902 38.3296684243439 35.2594262676381 51.9751891208141 49.5872229989318 62.5504676605785 36.6239783372851 60.8447775735197 38.6708064417556 32.5303221283440 46.1758428248142 59.8213635212844 41.0587725636379 54.3631552426963 66.3029858521078 51.6340511034023 34.9182882502263 48.5638089466965 54.3631552426963 35.6005642850498 45.1524287725790 52.6574651556376 61.8681916257550 56.4099833471669 34.2360122154028 60.5036395561079 47.8815329118730 39.3530824765791 54.7042932601081 36.6239783372851 61.5270536083432 56.0688453297551 34.2360122154028 38.3296684243439 34.2360122154028 46.1758428248142 44.1290147203437 36.6239783372851 58.7979494690492 58.4568114516374 58.1156734342257 61.8681916257550 36.9651163546968 32.8714601457558 51.9751891208141 57.4333973994021 53.6808792078728 36.2828403198733 64.9384337824608 44.8112907551672 59.1390874864609 46.1758428248142 66.3029858521078 56.0688453297551 45.8347048074025 58.4568114516374 59.8213635212844 55.7277073123434 43.4467386855202 54.7042932601081 50.6106370511670 35.6005642850498 42.0821866158732 42.0821866158732 48.5638089466965 42.4233246332849 35.9417023024616 65.2795717998725 42.7644626506967 
Case #29: 50.0000000000000 50.0000000000000 50.0000000000000 50.0000000000000 50.0000000000000 50.0000000000000 50.0000000000000 50.0000000000000 50.0000000000000 50.0000000000000 50.0000000000000 50.0000000000000 50.0000000000000 50.0000000000000 50.0000000000000 50.0000000000000 50.0000000000000 50.0000000000000 50.0000000000000 50.0000000000000 50.0000000000000 50.0000000000000 50.0000000000000 50.0000000000000 50.0000000000000 50.0000000000000 50.0000000000000 50.0000000000000 50.0000000000000 50.0000000000000 50.0000000000000 50.0000000000000 50.0000000000000 50.0000000000000 50.0000000000000 50.0000000000000 50.0000000000000 50.0000000000000 50.0000000000000 50.0000000000000 50.0000000000000 50.0000000000000 50.0000000000000 50.0000000000000 50.0000000000000 50.0000000000000 50.0000000000000 50.0000000000000 50.0000000000000 50.0000000000000 50.0000000000000 50.0000000000000 50.0000000000000 50.0000000000000 50.0000000000000 50.0000000000000 50.0000000000000 50.0000000000000 50.0000000000000 50.0000000000000 50.0000000000000 50.0000000000000 50.0000000000000 50.0000000000000 50.0000000000000 50.0000000000000 50.0000000000000 50.0000000000000 
Case #30: 50.0000000000000 50.0000000000000 50.0000000000000 50.0000000000000 50.0000000000000 50.0000000000000 50.0000000000000 
Case #31: 50.0000000000000 50.0000000000000 50.0000000000000 50.0000000000000 50.0000000000000 50.0000000000000 50.0000000000000 50.0000000000000 50.0000000000000 50.0000000000000 50.0000000000000 50.0000000000000 
Case #32: 50.0000000000000 50.0000000000000 50.0000000000000 50.0000000000000 50.0000000000000 50.0000000000000 50.0000000000000 50.0000000000000 50.0000000000000 50.0000000000000 50.0000000000000 50.0000000000000 50.0000000000000 50.0000000000000 50.0000000000000 50.0000000000000 50.0000000000000 50.0000000000000 50.0000000000000 50.0000000000000 50.0000000000000 50.0000000000000 50.0000000000000 50.0000000000000 50.0000000000000 50.0000000000000 50.0000000000000 50.0000000000000 50.0000000000000 50.0000000000000 50.0000000000000 50.0000000000000 50.0000000000000 50.0000000000000 50.0000000000000 50.0000000000000 50.0000000000000 50.0000000000000 50.0000000000000 50.0000000000000 50.0000000000000 50.0000000000000 50.0000000000000 50.0000000000000 50.0000000000000 50.0000000000000 50.0000000000000 50.0000000000000 50.0000000000000 50.0000000000000 50.0000000000000 50.0000000000000 50.0000000000000 50.0000000000000 50.0000000000000 50.0000000000000 50.0000000000000 50.0000000000000 50.0000000000000 50.0000000000000 50.0000000000000 50.0000000000000 50.0000000000000 50.0000000000000 50.0000000000000 50.0000000000000 50.0000000000000 50.0000000000000 50.0000000000000 50.0000000000000 50.0000000000000 50.0000000000000 50.0000000000000 50.0000000000000 50.0000000000000 50.0000000000000 50.0000000000000 50.0000000000000 50.0000000000000 50.0000000000000 50.0000000000000 50.0000000000000 50.0000000000000 50.0000000000000 50.0000000000000 50.0000000000000 50.0000000000000 50.0000000000000 50.0000000000000 50.0000000000000 50.0000000000000 
Case #33: 50.0000000000000 50.0000000000000 50.0000000000000 50.0000000000000 50.0000000000000 50.0000000000000 50.0000000000000 50.0000000000000 50.0000000000000 50.0000000000000 50.0000000000000 50.0000000000000 50.0000000000000 50.0000000000000 50.0000000000000 50.0000000000000 50.0000000000000 50.0000000000000 50.0000000000000 50.0000000000000 50.0000000000000 50.0000000000000 50.0000000000000 50.0000000000000 50.0000000000000 50.0000000000000 50.0000000000000 50.0000000000000 50.0000000000000 50.0000000000000 50.0000000000000 50.0000000000000 50.0000000000000 50.0000000000000 50.0000000000000 50.0000000000000 50.0000000000000 50.0000000000000 50.0000000000000 50.0000000000000 50.0000000000000 50.0000000000000 50.0000000000000 50.0000000000000 50.0000000000000 50.0000000000000 50.0000000000000 50.0000000000000 50.0000000000000 50.0000000000000 50.0000000000000 50.0000000000000 50.0000000000000 50.0000000000000 50.0000000000000 50.0000000000000 50.0000000000000 50.0000000000000 50.0000000000000 50.0000000000000 50.0000000000000 50.0000000000000 50.0000000000000 50.0000000000000 50.0000000000000 50.0000000000000 50.0000000000000 50.0000000000000 50.0000000000000 50.0000000000000 50.0000000000000 50.0000000000000 50.0000000000000 50.0000000000000 50.0000000000000 50.0000000000000 50.0000000000000 50.0000000000000 50.0000000000000 50.0000000000000 50.0000000000000 50.0000000000000 50.0000000000000 50.0000000000000 
Case #34: 50.0000000000000 50.0000000000000 50.0000000000000 50.0000000000000 50.0000000000000 50.0000000000000 50.0000000000000 50.0000000000000 50.0000000000000 50.0000000000000 50.0000000000000 50.0000000000000 50.0000000000000 50.0000000000000 
Case #35: 50.0000000000000 50.0000000000000 50.0000000000000 50.0000000000000 50.0000000000000 50.0000000000000 50.0000000000000 50.0000000000000 50.0000000000000 50.0000000000000 50.0000000000000 50.0000000000000 50.0000000000000 50.0000000000000 50.0000000000000 50.0000000000000 50.0000000000000 50.0000000000000 50.0000000000000 50.0000000000000 50.0000000000000 50.0000000000000 50.0000000000000 50.0000000000000 50.0000000000000 50.0000000000000 50.0000000000000 50.0000000000000 50.0000000000000 50.0000000000000 50.0000000000000 50.0000000000000 50.0000000000000 50.0000000000000 50.0000000000000 50.0000000000000 50.0000000000000 50.0000000000000 50.0000000000000 50.0000000000000 50.0000000000000 50.0000000000000 50.0000000000000 50.0000000000000 50.0000000000000 50.0000000000000 50.0000000000000 50.0000000000000 50.0000000000000 50.0000000000000 50.0000000000000 50.0000000000000 50.0000000000000 50.0000000000000 50.0000000000000 50.0000000000000 50.0000000000000 50.0000000000000 50.0000000000000 50.0000000000000 50.0000000000000 50.0000000000000 50.0000000000000 50.0000000000000 50.0000000000000 50.0000000000000 50.0000000000000 50.0000000000000 50.0000000000000 50.0000000000000 50.0000000000000 50.0000000000000 50.0000000000000 50.0000000000000 50.0000000000000 50.0000000000000 50.0000000000000 50.0000000000000 50.0000000000000 50.0000000000000 50.0000000000000 50.0000000000000 50.0000000000000 50.0000000000000 50.0000000000000 50.0000000000000 50.0000000000000 50.0000000000000 50.0000000000000 50.0000000000000 50.0000000000000 50.0000000000000 50.0000000000000 50.0000000000000 50.0000000000000 50.0000000000000 50.0000000000000 50.0000000000000 
Case #36: 50.0000000000000 50.0000000000000 50.0000000000000 50.0000000000000 50.0000000000000 50.0000000000000 50.0000000000000 50.0000000000000 
Case #37: 50.0000000000000 50.0000000000000 50.0000000000000 50.0000000000000 50.0000000000000 50.0000000000000 50.0000000000000 50.0000000000000 50.0000000000000 50.0000000000000 50.0000000000000 50.0000000000000 50.0000000000000 50.0000000000000 50.0000000000000 50.0000000000000 50.0000000000000 50.0000000000000 50.0000000000000 50.0000000000000 50.0000000000000 50.0000000000000 50.0000000000000 50.0000000000000 50.0000000000000 50.0000000000000 50.0000000000000 50.0000000000000 50.0000000000000 50.0000000000000 50.0000000000000 50.0000000000000 50.0000000000000 50.0000000000000 50.0000000000000 50.0000000000000 50.0000000000000 50.0000000000000 50.0000000000000 50.0000000000000 50.0000000000000 50.0000000000000 50.0000000000000 50.0000000000000 50.0000000000000 50.0000000000000 50.0000000000000 50.0000000000000 50.0000000000000 50.0000000000000 50.0000000000000 
Case #38: 50.0000000000000 50.0000000000000 50.0000000000000 50.0000000000000 50.0000000000000 50.0000000000000 50.0000000000000 50.0000000000000 50.0000000000000 50.0000000000000 50.0000000000000 50.0000000000000 50.0000000000000 50.0000000000000 50.0000000000000 50.0000000000000 50.0000000000000 50.0000000000000 50.0000000000000 50.0000000000000 50.0000000000000 50.0000000000000 50.0000000000000 50.0000000000000 50.0000000000000 50.0000000000000 50.0000000000000 50.0000000000000 50.0000000000000 50.0000000000000 50.0000000000000 50.0000000000000 50.0000000000000 50.0000000000000 50.0000000000000 50.0000000000000 50.0000000000000 50.0000000000000 50.0000000000000 50.0000000000000 50.0000000000000 50.0000000000000 50.0000000000000 50.0000000000000 50.0000000000000 50.0000000000000 50.0000000000000 50.0000000000000 50.0000000000000 50.0000000000000 
Case #39: 51.1098089154230 51.1098089154230 51.1098089154230 51.1098089154230 51.1098089154230 51.1098089154230 51.1098089154230 51.1098089154230 51.1098089154230 51.1098089154230 51.1098089154230 51.1098089154230 51.1098089154230 51.1098089154230 51.1098089154230 51.1098089154230 51.1098089154230 51.1098089154230 51.1098089154230 51.1098089154230 51.1098089154230 51.1098089154230 51.1098089154230 51.1098089154230 51.1098089154230 51.1098089154230 51.1098089154230 51.1098089154230 51.1098089154230 51.1098089154230 51.1098089154230 51.1098089154230 51.1098089154230 51.1098089154230 51.1098089154230 51.1098089154230 51.1098089154230 51.1098089154230 51.1098089154230 51.1098089154230 51.1098089154230 51.1098089154230 51.1098089154230 51.1098089154230 51.1098089154230 51.1098089154230 51.1098089154230 51.1098089154230 51.1098089154230 51.1098089154230 51.1098089154230 51.1098089154230 51.1098089154230 51.1098089154230 51.1098089154230 51.1098089154230 51.1098089154230 51.1098089154230 51.1098089154230 51.1098089154230 51.1098089154230 51.1098089154230 51.1098089154230 51.1098089154230 51.1098089154230 51.1098089154230 51.1098089154230 51.1098089154230 51.1098089154230 -42.1141399801058 51.1098089154230 51.1098089154230 51.1098089154230 51.1098089154230 51.1098089154230 51.1098089154230 51.1098089154230 51.1098089154230 51.1098089154230 51.1098089154230 51.1098089154230 51.1098089154230 51.1098089154230 51.1098089154230 
Case #40: 53.3694767529794 53.3694767529794 53.3694767529794 53.3694767529794 53.3694767529794 53.3694767529794 53.3694767529794 53.3694767529794 53.3694767529794 19.6747092231856 
Case #41: 52.8018020115458 52.8018020115458 52.8018020115458 13.5765738499046 52.8018020115458 52.8018020115458 52.8018020115458 52.8018020115458 52.8018020115458 52.8018020115458 52.8018020115458 52.8018020115458 52.8018020115458 52.8018020115458 
Case #42: 52.0615819775406 52.0615819775406 52.0615819775406 52.0615819775406 52.0615819775406 52.0615819775406 52.0615819775406 52.0615819775406 52.0615819775406 52.0615819775406 52.0615819775406 52.0615819775406 52.0615819775406 52.0615819775406 52.0615819775406 52.0615819775406 52.0615819775406 52.0615819775406 52.0615819775406 0.5220325390254 52.0615819775406 52.0615819775406 52.0615819775406 52.0615819775406 52.0615819775406 
Case #43: 51.2069313317869 51.2069313317869 -34.4851932250849 51.2069313317869 51.2069313317869 51.2069313317869 51.2069313317869 51.2069313317869 51.2069313317869 51.2069313317869 51.2069313317869 51.2069313317869 51.2069313317869 51.2069313317869 51.2069313317869 51.2069313317869 51.2069313317869 51.2069313317869 51.2069313317869 51.2069313317869 51.2069313317869 51.2069313317869 51.2069313317869 51.2069313317869 51.2069313317869 51.2069313317869 51.2069313317869 51.2069313317869 51.2069313317869 51.2069313317869 51.2069313317869 51.2069313317869 51.2069313317869 51.2069313317869 51.2069313317869 51.2069313317869 51.2069313317869 51.2069313317869 51.2069313317869 51.2069313317869 51.2069313317869 51.2069313317869 51.2069313317869 51.2069313317869 51.2069313317869 51.2069313317869 51.2069313317869 51.2069313317869 51.2069313317869 51.2069313317869 51.2069313317869 51.2069313317869 51.2069313317869 51.2069313317869 51.2069313317869 51.2069313317869 51.2069313317869 51.2069313317869 51.2069313317869 51.2069313317869 51.2069313317869 51.2069313317869 51.2069313317869 51.2069313317869 51.2069313317869 51.2069313317869 51.2069313317869 51.2069313317869 51.2069313317869 51.2069313317869 51.2069313317869 
Case #44: 51.1507807502484 51.1507807502484 51.1507807502484 51.1507807502484 51.1507807502484 51.1507807502484 51.1507807502484 51.1507807502484 51.1507807502484 51.1507807502484 51.1507807502484 51.1507807502484 51.1507807502484 51.1507807502484 51.1507807502484 51.1507807502484 51.1507807502484 51.1507807502484 51.1507807502484 51.1507807502484 51.1507807502484 51.1507807502484 51.1507807502484 51.1507807502484 51.1507807502484 51.1507807502484 51.1507807502484 51.1507807502484 51.1507807502484 51.1507807502484 51.1507807502484 -38.6101177691285 51.1507807502484 51.1507807502484 51.1507807502484 51.1507807502484 51.1507807502484 51.1507807502484 51.1507807502484 51.1507807502484 51.1507807502484 51.1507807502484 51.1507807502484 51.1507807502484 51.1507807502484 51.1507807502484 51.1507807502484 51.1507807502484 51.1507807502484 51.1507807502484 51.1507807502484 51.1507807502484 51.1507807502484 51.1507807502484 51.1507807502484 51.1507807502484 51.1507807502484 51.1507807502484 51.1507807502484 51.1507807502484 51.1507807502484 51.1507807502484 51.1507807502484 51.1507807502484 51.1507807502484 51.1507807502484 51.1507807502484 51.1507807502484 51.1507807502484 51.1507807502484 51.1507807502484 51.1507807502484 51.1507807502484 51.1507807502484 51.1507807502484 51.1507807502484 51.1507807502484 51.1507807502484 
Case #45: 51.1098089154230 51.1098089154230 51.1098089154230 51.1098089154230 51.1098089154230 51.1098089154230 51.1098089154230 51.1098089154230 51.1098089154230 51.1098089154230 51.1098089154230 51.1098089154230 51.1098089154230 51.1098089154230 51.1098089154230 51.1098089154230 51.1098089154230 51.1098089154230 51.1098089154230 51.1098089154230 51.1098089154230 51.1098089154230 51.1098089154230 51.1098089154230 51.1098089154230 51.1098089154230 51.1098089154230 51.1098089154230 51.1098089154230 51.1098089154230 51.1098089154230 51.1098089154230 51.1098089154230 51.1098089154230 51.1098089154230 51.1098089154230 51.1098089154230 51.1098089154230 51.1098089154230 51.1098089154230 51.1098089154230 51.1098089154230 51.1098089154230 51.1098089154230 51.1098089154230 51.1098089154230 51.1098089154230 51.1098089154230 51.1098089154230 51.1098089154230 51.1098089154230 51.1098089154230 51.1098089154230 51.1098089154230 51.1098089154230 51.1098089154230 51.1098089154230 51.1098089154230 51.1098089154230 51.1098089154230 51.1098089154230 51.1098089154230 51.1098089154230 51.1098089154230 51.1098089154230 51.1098089154230 51.1098089154230 51.1098089154230 51.1098089154230 51.1098089154230 51.1098089154230 51.1098089154230 51.1098089154230 51.1098089154230 51.1098089154230 51.1098089154230 -42.1141399801058 51.1098089154230 51.1098089154230 51.1098089154230 51.1098089154230 51.1098089154230 51.1098089154230 51.1098089154230 
Case #46: 51.9094734462059 51.9094734462059 51.9094734462059 51.9094734462059 51.9094734462059 51.9094734462059 51.9094734462059 51.9094734462059 51.9094734462059 51.9094734462059 51.9094734462059 51.9094734462059 51.9094734462059 51.9094734462059 51.9094734462059 51.9094734462059 51.9094734462059 51.9094734462059 51.9094734462059 -3.4652564937652 51.9094734462059 51.9094734462059 51.9094734462059 51.9094734462059 51.9094734462059 51.9094734462059 51.9094734462059 51.9094734462059 51.9094734462059 
Case #47: 51.0318363385350 51.0318363385350 -48.0244521608286 51.0318363385350 51.0318363385350 51.0318363385350 51.0318363385350 51.0318363385350 51.0318363385350 51.0318363385350 51.0318363385350 51.0318363385350 51.0318363385350 51.0318363385350 51.0318363385350 51.0318363385350 51.0318363385350 51.0318363385350 51.0318363385350 51.0318363385350 51.0318363385350 51.0318363385350 51.0318363385350 51.0318363385350 51.0318363385350 51.0318363385350 51.0318363385350 51.0318363385350 51.0318363385350 51.0318363385350 51.0318363385350 51.0318363385350 51.0318363385350 51.0318363385350 51.0318363385350 51.0318363385350 51.0318363385350 51.0318363385350 51.0318363385350 51.0318363385350 51.0318363385350 51.0318363385350 51.0318363385350 51.0318363385350 51.0318363385350 51.0318363385350 51.0318363385350 51.0318363385350 51.0318363385350 51.0318363385350 51.0318363385350 51.0318363385350 51.0318363385350 51.0318363385350 51.0318363385350 51.0318363385350 51.0318363385350 51.0318363385350 51.0318363385350 51.0318363385350 51.0318363385350 51.0318363385350 51.0318363385350 51.0318363385350 51.0318363385350 51.0318363385350 51.0318363385350 51.0318363385350 51.0318363385350 51.0318363385350 51.0318363385350 51.0318363385350 51.0318363385350 51.0318363385350 51.0318363385350 51.0318363385350 51.0318363385350 51.0318363385350 51.0318363385350 51.0318363385350 51.0318363385350 51.0318363385350 51.0318363385350 51.0318363385350 51.0318363385350 51.0318363385350 51.0318363385350 51.0318363385350 51.0318363385350 51.0318363385350 51.0318363385350 51.0318363385350 51.0318363385350 51.0318363385350 51.0318363385350 51.0318363385350 
Case #48: 60.0000000000000 40.0000000000000 
Case #49: 48.6511283455656 48.6511283455656 48.6511283455656 48.6511283455656 48.6511283455656 48.6511283455656 48.6511283455656 48.6511283455656 48.6511283455656 48.6511283455656 48.6511283455656 48.6511283455656 48.6511283455656 48.6511283455656 48.6511283455656 48.6511283455656 48.6511283455656 48.6511283455656 48.6511283455656 48.6511283455656 48.6511283455656 48.6511283455656 48.6511283455656 48.6511283455656 48.6511283455656 48.6511283455656 48.6511283455656 48.6511283455656 48.6511283455656 48.6511283455656 48.6511283455656 48.6511283455656 48.6511283455656 48.6511283455656 48.6511283455656 48.6511283455656 48.6511283455656 48.6511283455656 48.6511283455656 48.6511283455656 48.6511283455656 48.6511283455656 48.6511283455656 48.6511283455656 48.6511283455656 48.6511283455656 48.6511283455656 48.6511283455656 48.6511283455656 48.6511283455656 48.6511283455656 48.6511283455656 48.6511283455656 125.5368126483291 48.6511283455656 48.6511283455656 48.6511283455656 
Case #50: 48.7845759590031 48.7845759590031 48.7845759590031 48.7845759590031 48.7845759590031 48.7845759590031 48.7845759590031 48.7845759590031 48.7845759590031 48.7845759590031 48.7845759590031 48.7845759590031 48.7845759590031 48.7845759590031 48.7845759590031 48.7845759590031 133.8642588287872 48.7845759590031 48.7845759590031 48.7845759590031 48.7845759590031 48.7845759590031 48.7845759590031 48.7845759590031 48.7845759590031 48.7845759590031 48.7845759590031 48.7845759590031 48.7845759590031 48.7845759590031 48.7845759590031 48.7845759590031 48.7845759590031 48.7845759590031 48.7845759590031 48.7845759590031 48.7845759590031 48.7845759590031 48.7845759590031 48.7845759590031 48.7845759590031 48.7845759590031 48.7845759590031 48.7845759590031 48.7845759590031 48.7845759590031 48.7845759590031 48.7845759590031 48.7845759590031 48.7845759590031 48.7845759590031 48.7845759590031 48.7845759590031 48.7845759590031 48.7845759590031 48.7845759590031 48.7845759590031 48.7845759590031 48.7845759590031 48.7845759590031 48.7845759590031 48.7845759590031 48.7845759590031 48.7845759590031 48.7845759590031 48.7845759590031 48.7845759590031 48.7845759590031 48.7845759590031 48.7845759590031 
Case #51: 47.1981979884542 47.1981979884542 47.1981979884542 47.1981979884542 86.4234261500954 47.1981979884542 47.1981979884542 47.1981979884542 47.1981979884542 47.1981979884542 47.1981979884542 47.1981979884542 47.1981979884542 47.1981979884542 
Case #52: 48.9520169042618 48.9520169042618 48.9520169042618 48.9520169042618 48.9520169042618 48.9520169042618 48.9520169042618 48.9520169042618 48.9520169042618 48.9520169042618 48.9520169042618 48.9520169042618 48.9520169042618 48.9520169042618 48.9520169042618 48.9520169042618 48.9520169042618 48.9520169042618 147.4624279036522 48.9520169042618 48.9520169042618 48.9520169042618 48.9520169042618 48.9520169042618 48.9520169042618 48.9520169042618 48.9520169042618 48.9520169042618 48.9520169042618 48.9520169042618 48.9520169042618 48.9520169042618 48.9520169042618 48.9520169042618 48.9520169042618 48.9520169042618 48.9520169042618 48.9520169042618 48.9520169042618 48.9520169042618 48.9520169042618 48.9520169042618 48.9520169042618 48.9520169042618 48.9520169042618 48.9520169042618 48.9520169042618 48.9520169042618 48.9520169042618 48.9520169042618 48.9520169042618 48.9520169042618 48.9520169042618 48.9520169042618 48.9520169042618 48.9520169042618 48.9520169042618 48.9520169042618 48.9520169042618 48.9520169042618 48.9520169042618 48.9520169042618 48.9520169042618 48.9520169042618 48.9520169042618 48.9520169042618 48.9520169042618 48.9520169042618 48.9520169042618 48.9520169042618 48.9520169042618 48.9520169042618 48.9520169042618 48.9520169042618 48.9520169042618 48.9520169042618 48.9520169042618 48.9520169042618 48.9520169042618 48.9520169042618 48.9520169042618 48.9520169042618 48.9520169042618 48.9520169042618 48.9520169042618 48.9520169042618 48.9520169042618 48.9520169042618 48.9520169042618 48.9520169042618 48.9520169042618 48.9520169042618 48.9520169042618 48.9520169042618 
Case #53: 48.8703505539357 48.8703505539357 48.8703505539357 48.8703505539357 48.8703505539357 48.8703505539357 48.8703505539357 48.8703505539357 48.8703505539357 48.8703505539357 48.8703505539357 48.8703505539357 48.8703505539357 48.8703505539357 48.8703505539357 48.8703505539357 48.8703505539357 48.8703505539357 48.8703505539357 48.8703505539357 48.8703505539357 48.8703505539357 48.8703505539357 48.8703505539357 48.8703505539357 48.8703505539357 48.8703505539357 48.8703505539357 48.8703505539357 48.8703505539357 48.8703505539357 48.8703505539357 48.8703505539357 48.8703505539357 48.8703505539357 140.3719556851472 48.8703505539357 48.8703505539357 48.8703505539357 48.8703505539357 48.8703505539357 48.8703505539357 48.8703505539357 48.8703505539357 48.8703505539357 48.8703505539357 48.8703505539357 48.8703505539357 48.8703505539357 48.8703505539357 48.8703505539357 48.8703505539357 48.8703505539357 48.8703505539357 48.8703505539357 48.8703505539357 48.8703505539357 48.8703505539357 48.8703505539357 48.8703505539357 48.8703505539357 48.8703505539357 48.8703505539357 48.8703505539357 48.8703505539357 48.8703505539357 48.8703505539357 48.8703505539357 48.8703505539357 48.8703505539357 48.8703505539357 48.8703505539357 48.8703505539357 48.8703505539357 48.8703505539357 48.8703505539357 48.8703505539357 48.8703505539357 48.8703505539357 48.8703505539357 48.8703505539357 
Case #54: 47.9587585476807 47.9587585476807 47.9587585476807 47.9587585476807 47.9587585476807 47.9587585476807 47.9587585476807 47.9587585476807 47.9587585476807 47.9587585476807 47.9587585476807 47.9587585476807 47.9587585476807 98.9897948556636 47.9587585476807 47.9587585476807 47.9587585476807 47.9587585476807 47.9587585476807 47.9587585476807 47.9587585476807 47.9587585476807 47.9587585476807 47.9587585476807 47.9587585476807 
Case #55: 42.8562243916020 42.8562243916020 64.2875512167960 
Case #56: 48.5447392026239 48.5447392026239 48.5447392026239 48.5447392026239 48.5447392026239 48.5447392026239 48.5447392026239 48.5447392026239 48.5447392026239 48.5447392026239 48.5447392026239 119.8525182740534 48.5447392026239 48.5447392026239 48.5447392026239 48.5447392026239 48.5447392026239 48.5447392026239 48.5447392026239 48.5447392026239 48.5447392026239 48.5447392026239 48.5447392026239 48.5447392026239 48.5447392026239 48.5447392026239 48.5447392026239 48.5447392026239 48.5447392026239 48.5447392026239 48.5447392026239 48.5447392026239 48.5447392026239 48.5447392026239 48.5447392026239 48.5447392026239 48.5447392026239 48.5447392026239 48.5447392026239 48.5447392026239 48.5447392026239 48.5447392026239 48.5447392026239 48.5447392026239 48.5447392026239 48.5447392026239 48.5447392026239 48.5447392026239 48.5447392026239 
Case #57: 48.9740216479148 48.9740216479148 48.9740216479148 48.9740216479148 48.9740216479148 48.9740216479148 48.9740216479148 48.9740216479148 48.9740216479148 48.9740216479148 48.9740216479148 48.9740216479148 48.9740216479148 48.9740216479148 48.9740216479148 48.9740216479148 48.9740216479148 48.9740216479148 48.9740216479148 48.9740216479148 48.9740216479148 48.9740216479148 48.9740216479148 48.9740216479148 48.9740216479148 48.9740216479148 48.9740216479148 48.9740216479148 48.9740216479148 48.9740216479148 48.9740216479148 48.9740216479148 48.9740216479148 48.9740216479148 48.9740216479148 48.9740216479148 48.9740216479148 48.9740216479148 48.9740216479148 48.9740216479148 48.9740216479148 48.9740216479148 48.9740216479148 48.9740216479148 48.9740216479148 48.9740216479148 48.9740216479148 48.9740216479148 48.9740216479148 48.9740216479148 48.9740216479148 48.9740216479148 48.9740216479148 48.9740216479148 48.9740216479148 48.9740216479148 48.9740216479148 48.9740216479148 48.9740216479148 48.9740216479148 48.9740216479148 48.9740216479148 48.9740216479148 48.9740216479148 48.9740216479148 48.9740216479148 48.9740216479148 48.9740216479148 48.9740216479148 48.9740216479148 48.9740216479148 48.9740216479148 48.9740216479148 48.9740216479148 48.9740216479148 48.9740216479148 48.9740216479148 48.9740216479148 48.9740216479148 147.4679434480896 48.9740216479148 48.9740216479148 48.9740216479148 48.9740216479148 48.9740216479148 48.9740216479148 48.9740216479148 48.9740216479148 48.9740216479148 48.9740216479148 48.9740216479148 48.9740216479148 48.9740216479148 48.9740216479148 48.9740216479148 48.9740216479148 
Case #58: 48.9465733949292 48.9465733949292 48.9465733949292 48.9465733949292 48.9465733949292 48.9465733949292 48.9465733949292 48.9465733949292 48.9465733949292 48.9465733949292 48.9465733949292 48.9465733949292 48.9465733949292 48.9465733949292 48.9465733949292 48.9465733949292 48.9465733949292 48.9465733949292 48.9465733949292 48.9465733949292 48.9465733949292 48.9465733949292 48.9465733949292 48.9465733949292 48.9465733949292 48.9465733949292 48.9465733949292 48.9465733949292 48.9465733949292 48.9465733949292 48.9465733949292 48.9465733949292 48.9465733949292 48.9465733949292 48.9465733949292 48.9465733949292 48.9465733949292 48.9465733949292 48.9465733949292 48.9465733949292 48.9465733949292 48.9465733949292 48.9465733949292 48.9465733949292 48.9465733949292 48.9465733949292 48.9465733949292 48.9465733949292 48.9465733949292 48.9465733949292 48.9465733949292 48.9465733949292 48.9465733949292 48.9465733949292 48.9465733949292 48.9465733949292 48.9465733949292 48.9465733949292 48.9465733949292 48.9465733949292 48.9465733949292 48.9465733949292 48.9465733949292 48.9465733949292 48.9465733949292 48.9465733949292 48.9465733949292 48.9465733949292 48.9465733949292 48.9465733949292 48.9465733949292 48.9465733949292 48.9465733949292 48.9465733949292 146.9152476665167 48.9465733949292 48.9465733949292 48.9465733949292 48.9465733949292 48.9465733949292 48.9465733949292 48.9465733949292 48.9465733949292 48.9465733949292 48.9465733949292 48.9465733949292 48.9465733949292 48.9465733949292 48.9465733949292 48.9465733949292 48.9465733949292 48.9465733949292 48.9465733949292 
Case #59: 49.1246107130309 40.3156619133423 57.5812015607321 54.0576220408566 47.7151789050807 53.7052640888690 62.1618549365702 50.8864004729687 54.7623379448317 37.1444403454543 32.2114290176287 55.8194118007943 64.6283606004830 41.3727357693049 54.0576220408566 35.3826505855166 53.0005481848940 42.0774516732800 54.7623379448317 58.9906333686823 58.9906333686823 64.6283606004830 38.9062301053921 32.9161449216038 55.4670538488068 42.7821675772551 64.6283606004830 67.4472242163834 62.1618549365702 43.8392414332177 50.1816845689936 37.4967982974419 47.0104630011057 51.5911163769438 59.6953492726574 62.5142128885577 42.4298096252675 55.4670538488068 43.8392414332177 61.1047810806075 53.0005481848940 42.0774516732800 43.1345255292426 32.2114290176287 39.2585880573796 58.6382754166947 64.2760026484955 48.7722527610434 40.6680198653298 62.1618549365702 61.4571390325951 35.3826505855166 58.6382754166947 39.2585880573796 38.2015142014170 48.0675368570683 33.2685028735913 56.5241277047694 52.6481902329064 67.4472242163834 33.2685028735913 54.4099799928441 37.8491562494294 56.5241277047694 
Case #60: 45.7126279094727 52.9443398693983 43.9907917285380 62.5866224826324 49.5006675075289 52.2556053970244 57.4211139398284 31.5935712258084 55.6992777588938 31.5935712258084 56.3880122312676 56.3880122312676 31.5935712258084 60.5204190655108 61.5535207740716 46.4013623818465 55.0105432865199 62.5866224826324 35.7259780600516 50.5337692160897 
Case #61: 68.3203108591815 49.2017854720525 40.5115466597212 42.5972039746807 60.3252911518367 66.5822630967152 62.4109484667962 39.1211084497482 59.6300720468501 53.3731001019716 35.2974033723224 45.7256899471200 37.0354511347886 44.6828612896402 40.8591562122144 57.1968051793974 67.6250917541950 39.1211084497482 57.8920242843839 65.1918248867422 52.3302714444918 38.7734988972549 61.0205102568232 42.9448135271740 59.2824624943569 44.3352517371470 58.9348529418636 49.8970045770390 46.4209090521065 34.6021842673359 67.9727013066882 37.3830606872819 49.5493950245458 51.2874427870121 56.1539765219176 41.9019848696942 47.8113472620795 42.2495944221874 41.5543753172009 35.6450129248156 45.0304708421335 60.3252911518367 35.9926224773089 58.2396338368771 35.6450129248156 60.3252911518367 64.4966057817557 64.1489962292624 38.4258893447617 46.4209090521065 55.1111478644378 62.7585580192894 55.4587574169311 41.5543753172009 40.5115466597212 36.6878415822954 40.8591562122144 60.6729007043299 38.4258893447617 48.5065663670660 46.4209090521065 54.4159287594513 39.1211084497482 58.9348529418636 63.4537771242759 45.0304708421335 48.1589568145728 35.6450129248156 65.8870439917287 48.8541759195593 45.0304708421335 63.1061675717827 66.2346535442220 60.3252911518367 35.2974033723224 58.5872433893704 46.7685186045997 38.7734988972549 49.5493950245458 42.2495944221874 55.8063669694244 
Case #62: 39.8448192565545 44.9451790918276 55.1458987623737 40.9377535069702 65.7109298497251 41.3020649237754 40.5734420901650 48.2239818430746 67.5324869337512 52.5957188447372 58.7890129304259 38.3875735893336 43.4879334246067 41.3020649237754 70.0826668513877 43.1236220078015 43.4879334246067 51.5027845943215 67.5324869337512 52.9600302615424 70.0826668513877 42.0306877573858 61.3391928480624 46.4024247590485 46.0381133422432 52.9600302615424 35.4730822548919 37.6589507557232 55.8745215959842 34.3801480044762 62.4321270984781 38.3875735893336 55.5102101791789 50.7741617607111 40.9377535069702 63.8893727656990 44.9451790918276 59.1533243472311 43.8522448414119 50.4098503439059 
Case #63: 65.3793812475281 55.7087764062833 61.8334928057383 41.5252226391241 33.4663852714201 60.8664323216138 49.9064135015363 46.6828785544547 36.0452132290854 37.3346272079180 61.1887858163220 62.1558463004465 41.8475761338323 61.1887858163220 48.6169995227037 37.0122737132099 59.8993718374894 37.0122737132099 38.3016876920425 35.4005062396691 36.6899202185017 36.3675667237936 62.1558463004465 43.7816971020813 38.6240411867507 58.9323113533649 47.0052320491629 58.6099578586567 57.6428973745322 49.2617065121200 58.9323113533649 48.9393530174119 63.4452602792791 62.8005532898628 52.4852414592016 61.5111393110302 55.0640694168669 46.3605250597466 36.0452132290854 36.6899202185017 56.6758368904077 53.4523019433261 38.9463946814588 43.1369901126649 60.5440788269057 39.9134551655833 54.0970089327424 41.5252226391241 61.1887858163220 37.0122737132099 56.3534833956996 37.3346272079180 49.9064135015363 61.5111393110302 36.6899202185017 59.8993718374894 60.8664323216138 60.5440788269057 49.9064135015363 64.7346742581118 54.0970089327424 38.9463946814588 
Case #64: 50.0000000000000 50.0000000000000 
Case #65: 64.2918692479460 36.8524826439118 57.1501110907316 55.2707010493594 38.3560106770095 47.0012968673217 62.7883412148482 33.0936625611674 50.0083529335172 45.8736508424984 62.7883412148482 48.5048249004194 61.2848131817504 57.5259930990060 32.3418985446185 48.1289428921450 66.9230433058671 51.1359989583405 51.5118809666150 48.5048249004194 46.6254148590472 41.7389487514795 46.2495328507728 62.7883412148482 33.8454265777162 53.7671730162616 49.2565889169683 46.2495328507728 47.0012968673217 40.2354207183817 66.9230433058671 53.3912910079872 39.4836567018329 44.7460048176750 47.7530608838706 65.7953972810437 48.1289428921450 56.0224650659083 65.4195152727693 53.7671730162616 43.2424767845773 37.9801286687351 36.8524826439118 34.2213085859907 69.1783353555137 
Case #66: 61.4215509937860 59.9700982199917 36.0211274523859 31.3039059375545 49.8099288034317 40.0126225803202 47.9956128361888 63.9615933479260 58.8815086396460 43.6412545148060 42.5526649344602 62.8730037675803 59.2443718330946 55.6157398986089 41.4640753541145 51.2613815772260 28.4010003899659 51.6242447706746 50.8985183837774 55.2528767051603 57.7929190593003 
Case #67: 45.2040922274446 66.3247391719517 37.6138597317624 35.6337990807149 47.8441730955080 55.7644156996982 55.7644156996982 54.7743853741744 37.9438698402703 66.9847593889675 64.0146684123962 35.3037889722070 54.1143651571586 63.0246380868725 41.2439709253496 39.5939203828100 63.3546481953804 36.2938192977307 35.3037889722070 57.0844561337299 61.7045976528408 35.9638091892228 58.4044965677616 66.9847593889675 48.8342034210318 43.8840517934130 53.1243348316348 36.9538395147466 44.5440720104288 64.0146684123962 54.4443752656665 49.4942236380476 35.3037889722070 55.4344055911902 63.6846583038883 53.4543449401427 43.8840517934130 56.7544460252219 38.9339001657941 62.3646178698566 38.6038900572862 65.6647189549358 52.4643146146189 39.2639102743020 46.8541427699843 45.5341023359526 65.6647189549358 41.2439709253496 38.2738799487783 43.2240315763971 43.8840517934130 43.2240315763971 65.6647189549358 38.9339001657941 47.5141629870001 59.3945268932853 49.8242337465556 63.6846583038883 50.1542438550635 46.1941225529684 58.4044965677616 41.2439709253496 36.2938192977307 41.5739810338575 56.0944258082061 40.9139608168417 61.3745875443329 46.8541427699843 53.7843550486506 46.1941225529684 62.6946279783645 42.5640113593813 35.9638091892228 52.4643146146189 40.5839507083337 47.8441730955080 66.9847593889675 56.7544460252219 34.6437687551911 65.3347088464279 58.0744864592536 58.7345066762695 44.2140619019209 40.5839507083337 34.3137586466832 39.5939203828100 62.6946279783645 41.5739810338575 59.0645167847774 58.7345066762695 60.3845572188091 46.8541427699843 
Case #68: 64.4630458655437 66.0675042024503 56.7616458483921 35.9036874686063 44.2468708205206 36.2245791359877 60.2914541895866 45.2095458226646 37.8290374728943 59.3287791874426 42.9633041509954 55.7989708462481 52.2691625050536 42.6424124836140 
Case #69: 49.9336413703363 49.5741987929916 33.7587253898206 52.8091819890947 60.3574761133354 58.9197058039562 62.5141315774042 66.4679999281969 49.5741987929916 52.8091819890947 42.7447898234405 45.9797730195436 31.2426273484070 44.9014452875092 63.5924593094385 62.1546890000594 41.6664620914061 53.5280671437843 32.3209550804414 49.2147562156468 56.7630503398874 41.6664620914061 63.9519018867833 58.9197058039562 54.9658374531635 49.2147562156468 66.1085573508521 66.4679999281969 44.5420027101644 61.4358038453698 56.7630503398874 40.2286917820269 66.8274425055417 63.9519018867833 34.4776105445102 40.9475769367165 33.3992828124758 57.1224929172322 40.9475769367165 49.2147562156468 33.3992828124758 56.0441651851979 45.6203304421988 42.3853472460957 42.0259046687509 49.5741987929916 62.1546890000594 49.9336413703363 50.6525265250259 46.3392155968884 42.7447898234405 45.2608878648540 48.8553136383020 34.1181679671654 36.6342660085789 61.0763612680250 52.0902968344051 58.9197058039562 34.1181679671654 43.8231175554748 48.8553136383020 37.3531511632685 49.2147562156468 59.6385909586458 67.1868850828865 
Case #70: 42.6311763057122 33.2108051056283 39.9934723696887 67.5009562739336 42.2543614577088 50.5442881137826 47.1529544817524 44.8920653937323 45.2688802417357 51.2979178097893 50.1674732657793 36.2253238896552 46.0225099377424 55.8196959858296 67.8777711219369 59.2110296178598 68.6314008179436 51.2979178097893 
Case #71: 32.0975605267837 43.4301724783809 49.8047667011544 36.3472900086326 66.8036846285503 59.0125139118271 41.3053077374564 66.4495405050628 43.7843166018683 45.5550372193054 65.7412522580880 55.4710726769530 37.7638665025823 51.9296314420789 33.5141370207333 59.3666580353146 43.0760283548935 52.9920638125411 55.4710726769530 66.4495405050628 60.4290904057768 53.3462079360285 46.2633254662802 62.5539551467013 49.0964784541795 56.8876491709027 62.5539551467013 34.2224252677081 35.9931458851452 40.9511636139690 45.5550372193054 58.3042256648523 62.9080992701887 59.7208021588020 57.5959374178775 37.0555782556075 60.7832345292642 66.0953963815754 46.2633254662802 56.5335050474152 32.8058487737585 66.0953963815754 45.9091813427928 44.8467489723306 57.5959374178775 57.5959374178775 39.8887312435068 35.9931458851452 56.5335050474152 56.5335050474152 35.2848576381704 60.0749462822894 45.5550372193054 56.8876491709027 41.3053077374564 36.7014341321200 54.0544961830033 51.2213431951040 39.5345871200194 48.0340460837173 41.3053077374564 53.3462079360285 38.1180106260697 44.8467489723306 35.9931458851452 65.0329640111132 60.7832345292642 56.8876491709027 38.1180106260697 49.8047667011544 43.4301724783809 54.0544961830033 60.7832345292642 44.4926048488432 36.3472900086326 52.6379196890537 38.8262988730445 63.2622433936761 
Case #72: 58.3917081795804 51.4468462378587 48.8425230097130 64.4684623785870 41.0295533252761 53.6171155946467 38.8592839684880 60.9960314077261 32.3484758981239 
Case #73: 31.9955834702239 41.8247662476345 65.6416322082832 61.1050863110168 45.2271756705843 64.1294502425277 57.7026768880670 43.3369482133899 33.8858109274182 36.1540838760514 61.8611772938945 47.4954486192175 56.9465859051892 66.3977231911609 49.3856760764118 55.0563584479949 50.1417670592896 53.5441764822394 52.7880854993617 66.7757686825998 45.2271756705843 33.8858109274182 43.7149937048288 59.9709498367002 34.6419019102959 67.1538141740387 58.0807223795058 40.6906297733179 48.6295850935341 49.0076305849730 47.8734941106564 31.9955834702239 59.9709498367002 54.3002674651171 53.1661309908005 49.7637215678507 40.3125842818790 53.9222219736783 39.1784478075624 47.1174031277786 
Case #74: 40.4040247871155 38.0771743072498 43.7280969012095 60.6808646830888 44.0605041126189 68.3262305455049 46.3873545924847 51.7058699750350 42.0660608441625 55.6947565119478 40.4040247871155 35.0855094045652 46.3873545924847 38.7419887300685 60.6808646830888 57.6891997804042 44.3929113240283 53.3679060320820 41.7336536327531 66.3317872770485 67.6614161226861 58.6864214146324 49.3790194951693 62.3429007401358 52.3706843978538 66.6641944884579 41.0688392099343 37.7447670958404 54.6975348777196 43.7280969012095 54.3651276663102 62.0104935287264 55.3623493005384 44.7253185354377 65.0021584314109 40.0716175757061 40.4040247871155 44.7253185354377 40.7364319985249 40.7364319985249 38.4095815186591 58.6864214146324 64.0049367971827 50.3762411293974 47.3845762267129 42.0660608441625 63.3401223743639 36.7475454616122 39.7392103642967 45.7225401696659 64.3373440085921 47.0521690153035 38.7419887300685 66.6641944884579 60.0160502602700 35.7503238273840 66.6641944884579 42.7308752669813 63.3401223743639 46.7197618038941 45.7225401696659 66.9966016998673 39.0743959414779 60.0160502602700 39.7392103642967 37.0799526730216 38.4095815186591 65.0021584314109 40.0716175757061 60.0160502602700 47.3845762267129 50.0438339179881 53.0354988206726 57.3567925689948 56.3595709347666 40.0716175757061 52.0382771864444 52.3706843978538 41.7336536327531 35.0855094045652 47.0521690153035 59.6836430488606 46.3873545924847 65.6669728542297 42.0660608441625 65.0021584314109 37.7447670958404 35.7503238273840 61.3456791059076 39.0743959414779 55.6947565119478 
Case #75: 57.0880359929049 47.8833172212385 64.3203150277857 37.3636386250483 54.4581163438574 44.5959176599291 68.2651945013570 37.3636386250483 64.3203150277857 45.2533975721910 47.5545772651076 43.2809578354053 57.4167759490359 38.6785984495721 42.6234779231434 43.9384377476672 63.3340951593929 36.7061587127864 65.3065348961785 47.2258373089766 44.2671777037981 45.2533975721910 36.0486788005245 62.3478752910000 46.5683573967147 37.6923785811793 63.3340951593929 48.8695370896313 45.9108774844529 67.9364545452261 58.4029958174287 42.9522178792744 56.1018161245121 50.1844969141551 36.3774187566555 44.9246576160600 35.7199388443936 62.3478752910000 52.4856766070717 59.3892156858216 64.6490549839167 45.5821375283219 61.6903953787382 45.2533975721910 45.2533975721910 45.9108774844529 38.3498584934411 64.6490549839167 35.3911988882626 61.6903953787382 41.3085180986196 47.8833172212385 50.1844969141551 60.3754355542144 39.6648183179649 63.6628351155238 37.3636386250483 40.3222982302268 46.2396174405838 38.0211185373102 40.6510381863577 40.6510381863577 63.0053552032619 38.0211185373102 50.5132368702861 54.1293763877264 61.3616554226072 39.6648183179649 65.9640148084404 37.6923785811793 67.9364545452261 47.2258373089766 53.1431565193336 51.1707167825480 66.9502346768333 61.6903953787382 54.1293763877264 36.0486788005245 67.9364545452261 46.8970973528457 45.2533975721910 36.3774187566555 52.8144165632027 47.8833172212385 49.1982770457623 67.6077145890951 39.9935582740959 42.2947379670125 51.8281966948098 40.9797781424887 45.9108774844529 59.3892156858216 36.0486788005245 64.9777949400476 57.4167759490359 40.3222982302268 41.3085180986196 58.0742558612978 
Case #76: 42.7122987559236 40.9170594348129 47.3799209908114 63.5370748808077 59.5875483743642 54.9199261394764 34.4541978788143 55.9970697321428 51.6884953614771 36.9675329283693 49.5342081761442 56.3561175963649 55.6380218679206 50.9703996330328 39.4808679779243 68.2046971156956 39.4808679779243 64.9732663376963 38.0446765210357 52.0475432256992 40.9170594348129 47.3799209908114 34.8132457430365 46.3027773981450 66.0504099303627 45.9437295339228 69.6408885725841 64.2551706092520 53.8427825468099 57.0742133248092 37.6856286568136 62.1008834239192 42.3532508917014 41.9942030274793 40.1989637063686 56.7151654605871 39.8399158421465 
Case #77: 42.2982852687746 57.7507702390676 37.8342340551344 34.4003485061804 50.1962220313688 62.2148214527078 46.4189479275194 52.2565533607412 50.8829991411596 38.8643997198206 55.6904389096952 63.9317642271848 65.6487070016618 33.7135713963896 35.4305141708666 38.8643997198206 50.1962220313688 56.0338274645906 35.7739027257620 61.8714328978124 64.2751527820802 64.9619298918710 39.5511768296114 44.7020051530424 40.5813424942976 55.3470503547998 37.1474569453436 36.1172912806574 38.5210111649252 35.4305141708666 54.6602732450090 37.8342340551344 46.0755593726240 63.5883756722894 64.2751527820802 66.3354841114526 58.0941587939630 47.4491135922056 45.3887822628332 54.6602732450090 40.2379539394022 61.5280443429170 58.7809359037538 42.9850623785654 62.5582100076032 66.3354841114526 61.1846557880216 58.4375473488584 45.0453937079378 45.0453937079378 38.8643997198206 52.5999419156366 56.7206045743814 43.3284509334608 39.5511768296114 48.4792792568918 59.4677130135446 52.9433304705320 49.8528334764734 59.4677130135446 51.5697762509504 57.0639931292768 32.6834057317034 
Case #78: 61.2292658355633 65.3458513587958 51.0961322399140 42.5463007685849 52.3627739393701 43.1796216183130 36.2130922713041 59.0126428615150 50.7794718150499 44.4462633177691 35.2631109967120 34.3131297221199 52.3627739393701 64.3958700842037 49.1961696907297 42.5463007685849 55.5293781880105 34.6297901469839 64.7125305090677 65.3458513587958 44.4462633177691 64.0792096593396 43.1796216183130 41.2796590691287 44.4462633177691 58.0626615869229 
Case #79: 42.5418577435126 45.1852499356853 54.2483088802777 45.9405048477347 42.1642302874879 54.6259363363023 61.4232305447466 56.1364461604011 41.0313479194138 40.6537204633892 34.6116811669943 57.2693285284751 55.7588187043764 38.3879557272411 40.2760930073645 64.4442501929440 47.8286421278581 37.2550733591670 65.1995051049934 68.9757796652402 42.5418577435126 41.0313479194138 69.7310345772896 57.2693285284751 64.8218776489687 63.6889952808947 33.4787987989202 38.0103282712164 47.8286421278581 51.6049166881049 40.6537204633892 43.2971126555619 49.3391519519568 39.8984655513398 45.1852499356853 39.5208380953151 50.8496617760555 47.8286421278581 59.5350932646232 52.7377990561789 69.3534071212649 35.3669360790436 59.5350932646232 52.3601716001543 60.6679756326972 62.1784854567959 45.1852499356853 42.5418577435126 
Case #80: 30.8323946039484 48.8677786671438 42.0544113543811 42.8559839794120 60.0897954175765 31.2331809164639 40.0504797918039 44.4591292294739 45.2607018545048 49.6693512921748 53.2764281048138 56.0819322924220 46.8638471045666 61.2921543551229 48.8677786671438 62.0937269801538 48.8677786671438 29.2292493538866 58.8874364800302 53.6772144173293 47.2646334170820 46.4630607920511 41.6536250418657 54.4787870423602 48.4669923546284 49.2685649796593 39.6496934792884 64.4984448552465 52.8756417922984 44.8599155419893 62.0937269801538 67.3039490428547 67.7047353553702 35.2410440416184 62.0937269801538 54.4787870423602 40.8520524168348 39.2489071667730 60.8913680426075 66.1015901053084 
Case #81: 64.2485808196137 58.7683574274546 44.3827710230369 46.4378547950966 36.1624359347982 
Case #82: 57.5689145846399 67.8047286034651 36.1067239000066 43.3708499778825 38.4180367429671 40.3991620369332 50.6349760557584 53.6066639967076 52.9462888987189 39.0784118409558 63.8424780155328 37.4274740959840 48.9840383107866 47.3331005658148 68.4651037014538 56.2481643886625 54.9274141926851 43.3708499778825 51.2953511537471 65.1632282115102 46.0123503698374 39.0784118409558 40.0689744879389 40.3991620369332 68.1349161524594 49.3142258597809 
Case #83: 62.0586356007644 40.9078658090083 36.4003247058472 65.8727088419008 62.7521034627892 42.2948015330579 53.3902873254545 38.1339943609091 40.5611318779959 44.3752051191323 42.6415354640703 41.9480676020455 62.4053695317768 52.3500855324173 45.0686729811570 64.1390391868388 62.0586356007644 33.6264532577480 52.0033516014050 67.2596445659503 61.0184338077272 59.2847641526653 36.0535907748348 64.8325070488636 49.9229480153306 50.2696819463430 65.8727088419008 38.4807282919215 54.4304891184917 55.1239569805165 43.6817372571075 43.3350033260951 33.2797193267356 62.4053695317768 54.7772230495041 51.6566176703926 48.8827462222934 39.8676640159711 47.8425444292562 59.6314980836777 44.0284711881199 56.1641587735537 44.3752051191323 33.2797193267356 41.2545997400207 
Case #84: 64.6234836223668 54.5905985279299 64.9471250770260 55.2378814372484 53.6196741639522 53.6196741639522 32.9066210657600 37.1139599763303 60.7397861664557 58.4742959838410 45.5286377974708 60.7397861664557 62.6816348944113 36.1430356123525 62.6816348944113 64.2998421677075 64.2998421677075 41.6449403415598 57.5033716198632 58.4742959838410 32.9066210657600 52.9723912546337 52.0014668906559 36.7903185216710 49.0886937987226 45.5286377974708 46.1759207067894 48.7650523440634 43.2631476148561 34.5248283390562 42.6158647055376 46.4995621614486 52.3251083453152 39.0558087042858 40.6740159775820 50.7069010720189 62.3579934397520 33.8775454297377 
Case #85: 55.2991387998737 60.3675219443874 63.4085518310956 65.7737972985353 32.6603607543791 61.0433063636559 51.9202167035312 41.7834504145038 55.9749232191422 57.6643842673134 58.6780608962162 52.2581089131655 64.4222284599984 48.2034023975545 61.0433063636559 34.3498218025504 40.0939893663326 58.6780608962162 51.5823244938970 58.0022764769477 35.7013906410873 61.3811985732901 59.6917375251189 39.4182049470641 35.0256062218189 63.0706596214614 60.0296297347531 34.3498218025504 42.4592348337723 43.8108036723093 32.9982529640134 53.2717855420682 36.3771750603558 65.7737972985353 48.8791868168230 66.1116895081696 51.2444322842627 44.1486958819435 46.1760491397490 51.5823244938970 47.8655101879202 42.4592348337723 65.7737972985353 49.8928634457257 45.5002647204805 62.7327674118271 40.4318815759668 62.3948752021929 43.1350192530408 58.0022764769477 45.8381569301148 43.1350192530408 40.0939893663326 51.9202167035312 35.7013906410873 56.9885998480449 44.8244803012120 33.3361451736476 44.1486958819435 36.3771750603558 35.0256062218189 62.0569829925586 62.7327674118271 35.7013906410873 49.2170790264572 36.3771750603558 53.2717855420682 55.2991387998737 35.0256062218189 55.6370310095079 39.4182049470641 65.7737972985353 64.4222284599984 60.7054141540216 43.4729114626750 55.6370310095079 56.3128154287764 56.3128154287764 44.4865880915778 50.9065400746285 41.7834504145038 45.1623725108463 
Case #86: 63.7605468165331 47.6808067163147 38.0948078104152 43.6608716912601 53.5560963683175 63.4513210453750 35.3117758699928 56.6483540798980 39.0224851238894 58.8129344780043 
Case #87: 34.7945810433517 38.9740225106127 44.6732608750595 55.6917883796567 61.3910267441035 37.8341748377233 58.7313821740284 49.9925500152099 33.2747841461658 42.0136163049843 48.4727531180241 51.1323976880992 51.5123469123957 54.1719914824709 58.7313821740284 40.1138701835020 30.6151395760906 57.9714837254354 48.4727531180241 54.1719914824709 51.1323976880992 49.2326515666170 50.3724992395063 63.2907728655858 38.2141240620198 64.0506713141787 52.6521945852851 34.4146318190552 34.7945810433517 65.9504174356610 55.3118391553603 40.1138701835020 51.5123469123957 37.0742763891304 53.7920422581744 51.8922961366922 51.5123469123957 66.3303666599575 32.1349364732765 59.4912806226213 37.4542256134268 65.1905189870681 66.7103158842539 62.9108236412894 40.1138701835020 53.0321438095815 52.2722453609886 49.9925500152099 51.5123469123957 67.0902651085504 47.7128546694311 
Case #88: 60.8535736194873 33.4157395094234 51.8234003680739 53.9072865030154 
Case #89: 40.5271487647742 41.2622924304791 33.9108557734302 39.0568614333644 64.4193179001830 55.9651657445768 55.2300220788719 36.8514304362497 43.1001515947413 37.2190022691022 36.8514304362497 65.5220333987403 57.0678812431341 50.8191600846426 62.9490305687732 50.8191600846426 63.3166024016257 36.8514304362497 40.5271487647742 51.9218755831999 48.2461572546755 43.4677234275937 54.1273065803146 51.1867319174950 53.7597347474621 58.9057404073963 44.2028670932986 53.0245910817572 41.9974360961839 47.5110135889706 58.1705967416915 64.4193179001830 41.9974360961839 34.2784276062826 59.6408840731012 47.8785854218230 64.0517460673305 43.4677234275937 49.7164445860853 34.2784276062826 38.3217177676595 41.2622924304791 60.3760277388061 45.3055825918559 34.2784276062826 44.2028670932986 44.9380107590035 58.5381685745439 64.7868897330354 54.4948784131670 59.2733122402488 60.0084559059537 65.8896052315928 64.0517460673305 55.5975939117244 66.6247488972977 62.5814587359208 35.3811431048400 57.8030249088390 52.2894474160524 35.0135712719875 43.1001515947413 43.4677234275937 34.6459994391351 36.4838586033973 66.6247488972977 57.8030249088390 50.4515882517901 59.6408840731012 48.2461572546755 
Case #90: 42.0863588603681 43.4482412890489 44.1291825033893 62.1741246834105 65.9193013622828 62.8550658977509 36.9792997528149 51.9600064683042 59.4503598260488 41.4054176460276 65.9193013622828 46.8529473607510 36.6388291456447 45.8315355392404 46.8529473607510 32.5531818596022 50.5981240396233 64.2169483264318 55.3647125400063 59.7908304332190 54.3433007184957 58.4289480045382 54.3433007184957 61.8336540762403 63.8764777192616 50.5981240396233 38.6816527886660 61.8336540762403 63.5360071120914 54.3433007184957 34.2555348954532 63.1955365049212 59.4503598260488 52.6409476826446 41.4054176460276 45.1505943249000 32.2127112524319 63.8764777192616 50.2576534324531 63.8764777192616 60.4717716475595 53.3218888969850 62.5145952905807 59.7908304332190 55.0242419328361 60.4717716475595 46.5124767535808 41.7458882531979 48.8957710037723 44.1291825033893 40.0435352173468 34.9364761097936 33.5745936811128 43.7887118962191 39.3625940030064 40.7244764316872 34.2555348954532 33.9150642882830 34.2555348954532 52.9814182898148 32.8936524667724 57.0670655758574 44.4696531105595 56.0456537543467 59.4503598260488 45.4910649320702 62.5145952905807 52.9814182898148 48.8957710037723 53.3218888969850 40.0435352173468 40.0435352173468 59.4503598260488 43.4482412890489 
Case #91: 48.9638286131589 41.2846473351252 54.6397452099664 41.2846473351252 59.9817843599029 63.9883137223552 65.3238235098394 40.9507698882541 39.6152601007700 36.2764856320597 46.9605639319327 34.2732209508335 59.9817843599029 57.3107647849346 60.3156618067739 33.6054660570915 47.6283188256747 60.9834167005160 64.6560686160973 36.9442405258018 46.9605639319327 65.3238235098394 44.2895443569644 54.3058677630954 56.9768873380636 41.9524022288672 52.3026030818692 55.6413775505795 37.2781179726728 
Case #92: 66.0172796817226 45.0692406227785 37.1707996661275 61.8963539652090 51.5940396739250 55.7149653904386 37.8576206188797 44.7258301464024 54.6847339613102 62.2397644415851 60.5227120597045 34.7669263314946 51.9374501503012 54.6847339613102 55.0281444376864 35.7971577606230 60.1793015833283 45.0692406227785 61.5529434888329 60.5227120597045 66.0172796817226 62.9265853943374 55.7149653904386 34.0801053787423 50.9072187211728 52.6242711030534 64.3002272998419 55.0281444376864 46.0994720519069 63.2699958707135 36.4839787133752 48.8467558629160 62.9265853943374 39.9180834771365 47.8165244337876 45.0692406227785 34.4235158551184 36.1405682369991 45.0692406227785 34.4235158551184 46.0994720519069 34.7669263314946 36.4839787133752 48.1599349101637 66.3606901580987 47.8165244337876 63.9568168234658 52.9676815794296 41.2917253826411 65.6738692053464 39.2312625243843 45.4126510991547 66.0172796817226 45.0692406227785 64.9870482525942 37.1707996661275 46.4428825282830 46.7862930046592 53.9979130085580 35.4537472842468 58.4622492014477 49.5335768156682 39.2312625243843 47.1297034810353 46.7862930046592 44.7258301464024 60.8661225360806 
Case #93: 52.3397051134492 38.2412093010437 53.3713023680155 35.8341490403891 58.8731543923689 44.4307928284413 52.3397051134492 34.1148202827787 60.2486173984572 53.3713023680155 44.4307928284413 45.1185243314854 67.4697981804210 58.1854228893247 65.7504694228106 34.8025517858229 66.0943351743327 43.3991955738750 43.3991955738750 61.9679461560677 47.5255845921400 34.4586860343008 34.4586860343008 51.6519736104051 46.8378530890959 59.2170201438910 59.5608858954131 56.4660941317143 67.1259324288989 54.7467653741038 34.4586860343008 53.3713023680155 33.7709545312566 41.3360010647425 56.4660941317143 44.0869270769192 58.5292886408468 41.6798668162646 38.9289408040879 66.0943351743327 48.9010475982284 61.9679461560677 43.7430613253971 41.3360010647425 41.3360010647425 44.7746585799634 38.2412093010437 47.1817188406180 66.7820666773769 51.3081078588830 49.9326448527946 60.2486173984572 43.3991955738750 59.5608858954131 64.0311406652002 43.7430613253971 44.4307928284413 60.2486173984572 60.2486173984572 48.2133160951842 35.8341490403891 66.0943351743327 60.2486173984572 40.6482695616983 43.0553298223529 41.3360010647425 46.8378530890959 64.3750064167223 42.0237325677867 54.7467653741038 58.5292886408468 33.7709545312566 66.4382009258548 45.4623900830075 38.2412093010437 38.2412093010437 61.6240804045456 45.1185243314854 47.8694503436621 51.3081078588830 45.8062558345296 35.8341490403891 42.7114640708308 35.4902832888670 61.6240804045456 61.2802146530235 37.2096120464775 46.8378530890959 61.6240804045456 52.6835708649713 65.4066036712885 57.4976913862805 40.3044038101762 47.8694503436621 57.1538256347585 38.9289408040879 65.7504694228106 
Case #94: 52.2890425166440 34.4853784983017 54.5145005189368 41.1617525051801 46.5664362250340 47.8381265120584 60.8729519540590 65.6417905304007 34.4853784983017 36.7108365005945 40.5259073616678 60.2371068105468 49.4277393708390 35.7570687853262 57.6937262364979 39.8900622181556 62.1446422410835 54.5145005189368 45.6126685097656 46.5664362250340 64.6880228151324 55.7861908059612 38.9362945028873 61.8267196693274 35.4391462135700 65.6417905304007 40.8438299334240 57.0578810929857 55.4682682342051 57.3758036647418 
Case #95: 33.8167628249429 37.8267684966385 56.8742954371924 47.1834483972614 36.8242670787146 51.1934540689570 44.5101112827977 57.2084625765004 56.2059611585765 58.2109639944243 62.2209696661198 50.5251197903411 58.5451311337322 39.1634370538703 61.5526353875039 52.8642897654968 61.8868025268119 56.5401282978844 31.1434257104792 54.8692926013446 56.5401282978844 61.8868025268119 31.8117599890951 42.5051084469500 37.8267684966385 60.5501339695800 38.1609356359464 38.8292699145624 62.2209696661198 44.1759441434898 38.4951027752544 63.2234710840437 59.2134654123481 47.8517826758774 57.5426297158083 
Case #96: 39.4574631561823 39.1011547539062 63.3301261086840 52.9971824426758 34.8254539265924 44.0894723857722 68.3184437405500 43.3768555812199 49.7904068221905 48.7214816153621 55.4913412586088 44.4457807880483 41.2390051675630 53.7097992472281 50.8593320290189 48.7214816153621 45.1583975926006 46.5836312017052 48.0088648108098 62.9738177064079 68.6747521428262 34.1128371220401 62.9738177064079 65.4679765223409 46.9399396039813 53.7097992472281 37.3196127425254 63.6864345109602 69.0310605451023 39.1011547539062 36.9633043402493 46.9399396039813 44.0894723857722 49.7904068221905 
Case #97: 54.3651289937839 40.7292974703447 43.7225287803679 57.3583603038072 44.3876912937064 64.3425666938614 34.7428348502982 62.0144978971766 56.3606165337994 35.0754161069674 61.3493353838381 66.0054729772076 36.0731598769752 44.0551100370372 59.6864291004919 45.3854350637142 36.7383223903137 46.0505975770527 35.7405786203059 45.7180163203834 46.3831788337219 61.6819166405074 50.0415726570837 50.3741539137529 63.3448229238536 38.4012286736599 47.7135038603989 55.0302915071224 64.0099854371921 61.3493353838381 37.4034849036522 33.7450910802904 47.7135038603989 48.3786663737374 43.3899475236987 45.0528538070449 54.3651289937839 41.3944599836832 48.3786663737374 59.0212665871534 56.3606165337994 51.3718976837607 36.7383223903137 56.6931977904687 52.7022227104377 57.0257790471379 40.3967162136754 65.3403104638691 39.0663911869984 38.4012286736599 59.6864291004919 63.0122416671844 49.0438288870759 38.4012286736599 51.0393164270914 55.3628727637917 45.3854350637142 41.7270412403524 59.3538478438226 42.3922037536909 40.0641349570062 35.0754161069674 50.7067351704222 57.0257790471379 64.0099854371921 58.6886853304841 35.0754161069674 67.0032167472154 44.3876912937064 34.0776723369597 44.0551100370372 35.4079973636367 66.3380542338769 57.0257790471379 50.3741539137529 63.3448229238536 66.6706354905461 38.0686474169907 65.6728917205384 60.3515916138304 
Case #98: 48.2302256137923 39.3416726427045 41.5638108854764 62.5154000316121 57.1187785848802 40.9289142446844 56.1664336236922 63.7851933131961 35.8497411183485 38.3893276815165 53.9442953809202 41.5638108854764 39.6591209631005 39.0242243223085 63.7851933131961 44.7382940894364 54.5791920217122 49.1825705749803 53.6268470605242 51.0872604973563 54.2617437013162 48.8651222545843 39.6591209631005 43.1510524874564 47.5953289730003 45.6906390506244 65.3724349151760 65.3724349151760 63.4677449928001 35.5322927979525 66.0073315559680 38.7067760019125 38.3893276815165 64.1026416335921 46.3255356914164 44.4208457690404 55.5315369829002 65.6898832355720 34.2624995163686 62.5154000316121 
Case #99: 38.8297605717813 52.8930116504739 56.0572431431797 52.1898490965393 56.7604056971144 34.2592039712062 63.7920312364607 62.3857061285914 40.5876669566179 41.2908295105525 52.5414303735066 57.1119869740817 46.2129673880949 45.1582235571930 49.7287801577681 52.8930116504739 47.6192924959642 48.3224550498988 34.6107852481735 34.6107852481735 69.0657503909704 39.1813418487486 60.6277997437548 56.7604056971144 69.0657503909704 61.6825435746568 51.8382678195720 68.3625878370358 47.2677112189969 52.8930116504739 41.9939920644871 35.6655290790755 41.6424107875198 35.6655290790755 50.4319427117027 
Case #100: 67.4369821947000 41.2340084558591 56.5723345468879 47.9445261206842 41.5535569160889 67.7565306549297 39.3167176944805 48.2640745809140 40.9144599956293 41.5535569160889 61.6851099105642 56.8918830071177 55.6136891661986 64.8805945128618 61.6851099105642 50.5009138025223 52.4182045639009 36.7603300126424 68.3956275753893 39.3167176944805 43.7903961376972 49.5422684218330 39.9558146149400 41.2340084558591 40.5949115353996 66.7978852742404 41.8731053763186 37.0798784728721 62.3242068310237 42.5122022967782 67.7565306549297 52.7377530241307 46.9858807399949 44.4294930581568 44.1099445979270 45.7076868990758 41.8731053763186 
Case #101: 35.3275425907277 39.2930716202607 63.8793516033657 57.5345051561128 50.3965529029533 42.4654948438872 52.3793174177198 51.1896587088599 32.5516722700545 41.2758361350273 55.5517406413463 53.1724232236265 52.7758703206731 69.8276451476653 46.8275767763735 52.3793174177198 38.8965187173074 50.3965529029533 49.2068941940934 60.3103754767860 51.9827645147665 68.2414335358521 34.1378838818677 
