100
4 2
5 2
6 2
1000 1000
1000 1
283 247
500 244
841 710
960 916
500 251
500 256
999 497
3 2
781 673
1000 291
1000 127
544 515
500 1
909 758
999 255
1000 500
500 248
930 907
500 499
595 507
500 117
999 487
999 511
3 1
503 397
500 116
344 319
999 998
2 1
500 128
423 372
892 809
837 682
952 832
509 389
999 128
779 622
999 999
500 149
500 92
999 488
1000 489
1000 512
1 1
1000 128
585 492
990 878
1000 256
500 245
1000 499
566 469
767 717
491 448
2 2
1000 498
1000 495
1000 255
623 515
999 2
500 255
685 542
999 1
546 495
999 256
689 683
670 510
999 127
656 520
999 455
999 498
574 503
323 255
866 702
999 512
4 1
500 2
587 472
871 833
1000 2
786 772
999 499
294 286
342 332
281 244
1000 488
500 249
500 250
1000 511
1000 999
702 573
816 811
500 500
500 127
5 1
330 303
