100
4 2
5 2
6 2
1000 1000
1000 1
719 700
1000 999
500 256
880 800
696 625
969 906
999 998
1000 498
1000 512
999 1
759 671
999 511
887 753
553 504
285 276
2 2
490 375
1000 499
999 439
900 834
972 970
403 389
3 1
1000 500
370 367
503 444
500 248
500 1
500 499
947 853
999 999
4 1
999 127
999 497
830 731
922 804
1 1
999 488
1000 127
500 117
358 356
5 1
999 498
1000 489
500 116
711 601
517 408
999 256
957 934
500 249
783 599
257 232
848 792
500 127
500 167
750 608
541 435
500 250
1000 2
499 423
999 2
804 772
999 487
949 748
999 499
1000 511
999 255
405 401
500 2
1000 488
500 500
1000 128
1000 321
1000 255
793 670
500 254
500 255
442 354
500 128
999 512
3 2
505 477
500 245
1000 256
2 1
701 601
501 392
500 244
851 837
999 489
500 94
316 295
799 618
999 128
329 328
