100
0
1
2
11
1692
889696
614416
40
134616
416608
754626
496203
705716
25
125
640515
308996
529200
7
972173
1250
513389
268176
752676
766271
166
9006
377438
619045
834971
999999
258324
770607
3
5
4
34
413900
42243
983408
999992
186027
8
427974
983428
259109
286590
274083
346380
6
999996
105836
219497
343725
808576
999991
910316
137299
9
84932
555868
706438
714887
200
906820
817548
659574
31018
640681
438836
999994
873461
717141
999998
964263
296014
469692
366313
59049
1000000
10
349845
999993
820807
20
452188
813812
999995
346720
125000
701410
999997
465282
223233
701576
927124
124
79865
100285
12500
