100
102415770 362220464
406392667 822452615
753705348 913107927
934498480 525302086
281485760 416776111
504354029 743107176
750147004 981290173
207566743 676734719
761361525 251807911
644748085 135251125
993988603 998569861
668665092 684433946
795331867 349375099
792646880 797597802
418602742 402632165
492589121 184873898
341121420 401002578
503906432 684740850
444134938 700258286
636068834 847619178
530074095 985036169
281111019 501337720
414780410 676973829
287728455 572037281
142929482 681993728
517107855 642428847
333540817 902900937
273928767 817703510
302978428 671481054
253613108 414229832
455615082 444287545
492054495 333108463
830439614 442977391
248817652 485537684
962049311 910521122
279505607 436743934
498117079 326350056
647167855 923399090
634660853 350561976
923590764 198530860
292948115 360472494
409504207 274887400
202616079 842702575
576447432 317681177
142079314 481891623
832838454 708405437
323551048 499995821
387902880 359028802
510222704 452285262
293038639 662262643
209718816 522596529
197414371 385591503
851968725 994103004
446923742 633979864
906503364 389245480
282152131 634174797
217594171 950743300
484874839 876701109
316329890 681245581
888292245 690165115
592481130 666989718
468285272 959131299
821458360 874271120
299485745 651244895
549534305 196815352
405322209 590550830
540572927 473461228
215111904 890259142
862025120 887357548
805521491 710251012
653362884 417126122
858072071 643224114
629292436 205953932
624110709 704084657
798883985 373836484
895889276 218622015
875427104 842456654
932908693 421112097
689645180 538508760
151482123 339946447
418613733 824987507
592818431 122517146
792087039 787444695
186726395 466919975
828235423 584925580
523160343 961935021
760462912 605591755
654157964 119854751
709018387 431064166
253227276 175944486
763029099 153111016
299397545 630615621
992433229 867611257
333754254 752848443
791608735 398184953
736656611 872665228
522294862 577045535
686614281 676685405
960380419 393584341
601857334 609460463
