100
390 344
346 864
307 906
176 263
727 579
668 452
998 285
661 800
169 878
123 84
908 48
244 438
478 937
764 495
693 813
270 284
803 64
176 965
360 397
383 172
30 505
216 337
383 800
33 276
937 419
64 274
765 280
595 196
424 355
680 67
131 33
562 707
666 581
596 269
760 712
224 91
253 804
542 422
213 869
385 89
832 972
515 415
469 768
984 905
834 147
526 728
708 768
325 683
548 290
276 887
664 971
745 934
346 64
333 324
984 876
162 990
300 613
558 247
551 442
783 314
674 251
477 123
963 461
254 586
667 876
232 882
369 624
702 198
945 947
874 699
950 810
445 789
840 633
75 976
719 255
707 926
414 986
813 21
599 102
342 302
830 549
786 148
839 339
721 355
203 812
554 295
983 571
223 881
177 266
998 587
976 765
624 799
275 416
303 463
768 931
702 121
596 15
540 865
734 62
778 34
