1000
2 94 46
55 3 20
80 60 28
85 33 65
22 84 76
6 74 32
65 91 93
2 21 41
41 58 27
24 98 37
19 8 1
95 20 58
92 4 28
42 4 54
39 5 87
86 25 64
39 5 38
76 84 67
34 99 40
13 46 10
93 68 55
59 72 79
2 47 93
77 18 99
16 10 4
97 40 45
80 78 67
7 55 65
21 89 97
72 40 83
29 23 13
79 7 62
27 5 38
80 66 44
31 3 8
52 79 8
13 66 1
0 30 70
87 63 13
15 48 19
7 62 58
19 77 96
30 25 5
16 20 13
34 15 71
48 39 20
23 7 39
72 9 77
43 99 74
56 65 95
100 90 10
58 20 9
82 77 39
45 24 72
67 7 97
11 60 98
47 88 70
8 67 44
92 40 17
22 75 38
89 8 11
67 94 53
66 90 100
1 74 53
64 16 62
100 23 20
5 77 3
79 37 2
57 59 38
97 81 53
35 22 38
97 88 98
25 74 22
77 75 53
99 10 38
3 66 73
16 93 89
95 11 94
51 22 21
84 26 67
16 48 34
4 87 25
66 43 12
53 80 34
0 10 42
15 40 98
18 56 55
52 29 5
13 82 4
61 11 61
63 97 5
95 21 59
59 46 2
0 99 43
87 37 94
31 15 100
63 90 6
84 98 25
81 64 71
1 90 31
21 94 36
57 26 71
67 54 42
59 82 94
18 22 25
17 46 54
61 6 25
44 33 42
62 90 75
73 93 3
85 16 71
97 14 17
100 6 31
6 23 99
79 87 63
5 42 25
5 100 52
41 31 52
53 48 96
1 23 28
52 10 20
58 90 100
79 69 11
42 13 34
36 67 58
0 55 55
30 9 85
25 55 35
88 55 34
86 54 55
12 88 91
20 39 43
7 68 97
5 97 10
31 30 58
4 95 82
44 35 57
53 92 12
84 79 77
31 90 6
49 2 81
32 71 93
11 30 40
94 29 22
18 82 44
100 91 18
55 80 45
63 75 34
75 9 23
75 56 53
27 39 58
27 97 67
68 13 87
10 5 43
41 87 80
12 65 66
0 89 69
69 11 77
23 7 3
41 67 73
55 4 97
98 85 64
23 8 13
2 100 54
54 72 3
46 13 25
98 42 24
86 33 83
32 67 10
76 70 22
86 89 75
7 21 17
7 55 85
18 18 95
29 75 87
32 47 87
28 81 52
71 86 34
10 38 38
46 13 67
2 76 15
56 48 75
19 71 93
73 9 85
21 66 14
94 6 97
41 85 26
90 14 81
47 8 15
7 13 7
22 45 39
10 22 55
76 82 99
32 60 75
16 35 59
40 79 88
33 29 79
17 31 57
67 10 77
75 23 60
29 35 24
69 82 83
45 39 5
80 74 70
59 22 76
57 87 8
16 81 80
19 7 99
42 33 100
95 24 55
14 78 60
100 6 94
78 22 46
36 60 91
79 29 41
53 6 61
55 77 36
48 62 3
13 47 81
47 71 80
84 95 42
0 44 99
80 46 30
35 55 45
50 58 100
65 77 76
54 98 4
7 13 96
65 83 43
55 48 15
36 86 34
19 67 40
36 98 30
62 17 79
98 69 74
99 8 69
41 5 75
70 88 73
57 61 15
67 58 20
66 26 38
54 70 59
67 43 16
84 48 1
55 65 61
24 1 68
51 34 61
100 17 30
38 73 58
24 57 9
17 53 33
39 39 55
44 26 6
69 25 52
50 82 26
42 67 14
39 68 89
55 55 17
79 67 41
83 77 15
47 74 14
69 26 21
70 16 5
51 61 95
76 87 22
31 47 82
33 18 17
65 34 26
85 74 65
100 68 14
75 71 84
56 87 92
82 2 69
12 9 17
45 94 28
23 36 86
63 18 95
64 85 30
82 97 70
36 69 53
10 67 92
24 29 11
51 37 95
88 40 84
56 57 34
20 98 70
14 46 40
59 8 29
60 34 72
35 9 73
28 16 5
18 75 3
46 100 56
35 43 32
61 29 41
19 78 93
54 93 10
82 94 57
44 27 57
98 87 25
21 52 78
25 54 15
30 65 81
26 91 40
76 85 40
61 11 97
25 17 18
96 55 72
56 56 52
74 29 63
31 11 66
14 10 10
17 32 44
7 72 10
72 53 57
73 44 1
100 60 84
29 36 86
68 82 88
28 46 55
56 91 37
97 82 93
73 5 80
73 29 39
45 54 78
63 42 23
84 63 23
16 15 64
66 96 69
55 94 27
53 52 65
17 42 4
32 98 7
1 23 57
39 94 64
59 78 24
15 81 30
41 26 27
47 2 34
98 29 77
9 100 8
70 87 37
81 58 33
36 93 63
53 97 9
19 23 85
95 53 33
27 63 72
40 29 19
70 93 6
40 58 61
88 98 52
4 57 29
5 20 37
47 39 84
98 38 32
73 43 35
82 56 91
99 8 47
56 22 38
83 15 78
28 96 15
71 28 4
19 53 6
16 58 27
100 27 67
94 13 95
58 12 24
60 83 20
20 60 75
3 38 18
31 32 20
20 94 40
67 19 16
98 28 93
38 92 85
34 64 3
59 98 12
4 84 60
18 57 73
76 9 32
26 54 1
25 23 43
79 91 11
98 85 38
3 82 67
52 60 75
8 3 76
79 12 10
92 82 14
90 58 66
98 100 65
74 73 98
18 95 60
2 77 57
15 28 37
72 96 80
10 55 27
7 83 47
79 40 83
67 73 45
54 99 95
84 40 70
66 19 66
11 99 92
77 76 20
0 34 29
2 20 12
44 62 13
42 67 86
53 76 77
95 88 7
42 93 63
37 65 24
94 11 37
51 16 84
27 61 19
47 32 85
6 90 7
59 89 41
30 17 52
13 15 75
42 65 78
46 38 10
41 9 44
26 26 94
22 64 65
70 57 74
85 70 9
15 27 85
57 76 73
95 29 87
98 80 87
44 5 97
6 45 79
87 81 48
100 18 7
59 75 32
19 59 93
67 23 25
74 35 91
54 84 77
99 99 99
78 23 25
78 53 78
37 33 18
57 92 78
3 83 27
20 46 63
22 97 31
24 89 95
80 94 17
53 61 85
96 2 72
48 16 37
49 32 95
33 84 61
53 5 47
69 62 92
21 80 63
2 96 76
31 40 41
54 6 54
57 52 31
7 52 33
38 68 94
50 27 13
2 48 25
0 65 91
86 98 75
34 44 71
4 80 61
52 22 97
73 6 68
24 64 84
100 37 76
8 31 78
54 7 5
100 1 1
38 6 39
11 45 87
67 45 84
40 32 40
49 47 74
58 16 65
46 25 23
15 90 92
38 18 100
19 90 69
61 65 100
100 87 47
65 69 32
30 64 56
85 68 41
75 28 25
31 9 97
4 1 83
33 34 86
21 81 30
98 6 75
34 10 100
82 35 76
16 20 69
75 93 5
90 24 63
55 93 15
95 85 18
23 34 79
99 70 27
54 18 72
16 86 48
34 27 91
16 53 10
0 68 90
5 66 37
85 86 56
4 79 33
81 53 85
81 69 83
77 88 1
91 41 56
61 89 91
32 68 96
60 87 90
6 26 84
26 20 90
84 69 3
58 18 38
96 67 6
80 65 25
76 86 17
84 93 54
19 25 7
82 47 30
94 30 67
33 56 65
28 12 87
26 4 85
23 58 58
85 67 94
62 67 78
58 20 22
28 95 98
10 37 85
21 61 42
84 32 46
13 94 70
9 77 77
13 55 55
4 92 13
6 12 13
53 28 74
61 9 64
0 39 48
93 73 87
28 58 46
62 59 95
94 54 91
13 64 55
98 55 70
61 11 30
17 75 28
43 19 26
100 64 45
8 20 80
37 54 52
23 89 93
87 57 12
5 85 97
5 74 9
16 79 40
56 30 6
100 9 27
96 46 59
92 38 94
49 60 88
11 73 54
74 98 45
71 75 75
89 80 24
37 92 57
35 81 8
13 64 42
97 83 99
52 68 7
54 12 86
11 45 47
42 62 90
91 83 54
53 22 1
87 70 20
34 29 29
75 53 41
58 99 46
50 95 41
62 18 5
17 26 74
0 32 79
43 58 83
74 24 4
79 6 20
83 41 63
20 56 46
68 88 5
43 72 63
0 92 67
88 76 98
96 46 9
1 87 71
70 100 38
94 20 21
23 74 80
77 83 32
31 20 6
70 35 42
80 2 41
78 71 68
97 7 12
100 54 94
57 27 68
23 21 97
96 100 18
75 97 59
19 13 36
38 8 35
4 90 64
19 32 69
34 21 80
20 60 5
4 11 83
77 75 10
44 19 7
75 36 52
34 44 91
64 38 29
99 35 58
37 87 8
47 53 21
86 22 44
74 92 31
82 42 37
87 22 56
17 37 79
3 19 75
4 45 66
97 48 53
72 82 11
34 74 94
30 57 67
30 94 18
31 8 81
21 17 22
33 6 28
17 55 29
32 27 27
23 1 19
90 69 64
93 92 92
49 18 95
37 87 64
14 63 94
59 60 85
47 25 9
33 24 78
49 48 55
65 42 19
20 62 88
6 54 76
63 53 74
34 26 6
38 91 22
26 57 61
100 89 76
35 8 16
87 20 40
100 97 2
93 79 38
20 14 88
73 67 79
14 84 31
84 98 55
52 39 2
76 45 72
34 54 33
92 80 87
88 7 40
28 2 36
19 61 77
32 94 82
40 76 92
84 74 99
26 2 42
65 70 12
95 22 15
49 73 97
21 53 4
18 61 15
35 55 63
53 90 67
81 45 30
64 15 25
89 48 41
48 100 27
20 73 91
50 96 59
57 41 42
11 69 57
3 8 88
52 68 11
4 25 17
90 69 60
54 84 33
89 86 90
67 95 83
41 48 10
34 72 75
5 77 17
23 79 47
80 33 25
1 97 39
74 83 52
80 70 89
73 91 41
87 78 17
20 46 39
86 15 32
63 38 11
18 13 17
93 24 72
48 19 14
7 95 21
8 44 91
2 42 20
96 97 9
34 38 11
83 21 71
91 63 85
41 97 68
84 1 80
34 59 57
61 30 32
2 35 88
39 43 22
74 3 72
38 13 25
25 24 95
43 30 26
82 93 96
33 39 73
87 40 57
83 53 23
33 35 34
100 47 93
7 52 70
48 69 67
63 43 23
8 58 1
61 18 70
51 66 33
38 55 3
25 60 20
34 98 65
17 24 45
19 95 1
31 10 68
3 53 40
20 28 98
66 16 67
53 3 4
81 79 13
19 77 72
82 20 52
25 2 9
55 37 9
53 86 23
15 70 53
53 89 74
2 86 38
55 71 46
36 54 38
93 94 28
79 46 84
90 77 46
39 12 84
31 86 25
68 45 5
97 96 54
16 97 9
99 77 4
12 55 55
77 46 98
63 47 47
73 100 14
10 34 82
78 56 13
27 23 72
77 65 16
13 45 52
67 68 52
43 86 20
70 35 40
85 93 63
35 68 35
54 69 77
86 67 92
46 13 17
94 7 87
51 46 69
67 43 20
81 64 70
15 19 12
6 54 76
96 33 27
47 92 81
28 14 70
36 4 21
37 3 58
67 83 21
93 40 71
83 56 97
2 1 3
21 88 44
22 95 30
78 12 26
47 88 38
97 24 78
75 31 59
52 58 41
60 81 83
83 39 80
95 59 36
47 27 8
4 86 31
70 29 55
93 8 68
41 54 55
37 29 63
63 93 100
33 61 4
24 8 15
98 22 42
12 7 78
86 7 52
51 16 83
8 34 45
19 57 99
28 9 52
27 86 68
92 7 98
5 36 8
84 71 12
66 98 21
59 30 79
100 28 10
43 54 4
63 39 40
14 98 61
3 40 45
75 37 68
82 19 81
51 65 58
52 69 42
65 77 35
85 73 67
66 96 69
2 72 59
27 23 13
91 77 4
65 89 98
71 52 15
87 47 83
3 22 39
93 6 84
41 98 74
9 72 95
91 61 19
7 34 65
11 32 65
83 88 33
31 57 62
50 45 96
30 15 68
74 77 38
7 54 41
10 87 38
43 41 16
43 9 84
24 24 77
16 86 46
82 28 71
57 64 92
43 47 33
82 47 46
35 87 31
96 31 25
34 78 66
51 61 55
93 62 100
97 69 86
9 67 98
56 80 4
60 57 42
100 55 38
84 75 56
73 4 82
97 18 34
90 98 72
65 88 97
52 23 15
39 81 80
12 3 26
10 72 100
75 12 4
59 43 87
65 77 89
75 33 74
88 93 40
0 71 40
97 58 73
47 66 45
5 95 26
93 54 6
91 35 47
40 5 31
79 8 72
8 78 93
15 87 67
92 10 71
13 62 69
11 78 3
43 48 99
12 72 83
84 70 75
25 85 66
17 8 18
75 30 25
47 1 94
23 66 83
97 61 94
88 5 55
39 68 98
91 48 60
48 86 21
60 24 94
60 4 61
22 15 99
17 2 33
37 73 10
32 96 39
6 56 93
12 25 45
61 34 14
91 88 3
29 21 89
83 45 78
82 70 56
100 91 42
8 90 85
52 20 71
84 38 75
77 23 24
28 62 38
60 52 78
41 12 92
10 28 72
60 29 94
99 70 86
51 26 61
82 89 7
43 44 59
9 76 39
33 55 85
69 91 72
51 36 99
77 97 48
33 17 14
71 35 27
16 43 68
43 82 18
71 83 38
1 52 5
6 57 10
5 21 40
1 81 66
100 61 33
89 42 1
29 11 42
44 52 32
91 77 63
57 10 21
57 75 37
81 13 32
67 60 99
25 63 58
50 42 68
20 71 63
62 48 83
16 81 32
56 44 57
65 46 89
