100
28677 41883
64973 459
58651 25029
2 0
57690 30989
73690 22141
31605 1341
80589 10458
48490 41859
24931 3896
43428 38827
25562 22958
96108 1121
93625 5514
80330 3261
56293 32128
48142 9297
21055 73443
32401 15857
40067 33467
50000 50000
85975 2442
27935 24218
96138 2873
76195 4709
70763 25498
51310 14585
10149 17981
93388 1205
97639 1385
66171 22597
64279 25028
9 11
12508 7061
5607 7766
74707 9078
12303 9723
1110 38364
54616 32997
24731 69816
88030 11851
26400 19905
77093 21639
73078 26105
0 1
85410 2798
15033 71179
15672 51549
87437 11237
23621 650
48306 2271
61153 19246
29716 65669
47125 10916
39364 17902
48709 24370
73206 14615
80183 18224
35914 42230
81957 4331
26837 22103
23220 5761
47400 13259
18315 19295
22563 24049
0 2
7318 12013
35875 1329
95889 2697
42799 7773
6502 51193
7547 12805
7 13
62839 214
72251 956
31911 13239
34010 36230
19916 46304
91191 5503
83294 6203
36417 7550
100000 0
29337 40492
35202 47778
1 0
5312 37929
50496 4645
82490 9538
65722 26410
74423 11270
64376 28737
51835 24229
0 100000
92837 2398
17948 23711
74106 6747
1 1
15361 63202
90333 1770
21888 57137
