6
50
47 109 7 464 474 904 270 639 14 31 422 487 441 800 478 490 216 253 472 563 265 376 486 575 312 390 218 589 415 506 316 559 438 888 124 600 241 378 441 824 46 167 45 395 3 394 299 654 241 307 121 562 226 454 354 804 345 764 75 343 357 795 355 824 187 351 405 691 265 507 91 259 472 668 245 688 370 404 307 384 3 192 467 735 77 471 379 827 390 750 231 321 445 890 416 449 438 572 242 364 
25
480
632
803
561
629
660
765
28
377
936
377
244
367
752
919
611
118
815
556
335
483
885
998
218
209

200
452 1386 577 1698 782 1186 49 91 745 1419 336 578 675 1521 584 998 2 887 476 1033 324 518 512 1692 3 5 903 1394 145 1358 635 1058 1121 1906 243 1082 637 949 421 1460 151 1121 10 264 344 610 466 761 353 1370 1141 2025 981 2171 626 941 520 1602 740 1238 350 488 300 988 793 838 617 1474 1178 2217 1110 1338 7 428 7 13 56 813 1223 2090 559 1268 1051 1570 270 1418 55 547 860 1681 757 1485 63 458 604 1052 230 1192 93 328 590 908 319 554 30 692 193 1341 143 451 313 1241 102 686 1062 2001 14 321 994 1692 368 1358 646 1389 1025 1183 268 1160 750 1547 557 1548 957 1294 682 1520 18 693 483 1210 981 1893 1023 2159 490 1319 29 278 853 1212 1044 2109 802 2050 1128 2329 631 1468 1120 1664 358 675 277 558 67 1125 13 68 461 1235 967 1345 344 640 685 1866 168 661 399 955 207 594 272 1247 526 659 591 592 442 926 171 877 473 1246 251 282 991 1671 759 967 362 647 220 800 12 648 434 1229 503 1072 980 1448 889 2093 913 1404 1197 1636 438 883 1136 2289 1161 1731 601 1682 98 313 79 1148 1008 1718 11 91 311 1025 651 1762 527 905 1163 2058 283 1397 936 1667 960 1061 332 1443 191 1107 897 1269 353 680 84 956 770 1912 750 1287 435 656 42 736 88 1136 1056 1748 1048 1204 244 1045 85 298 548 1468 14 809 625 810 366 761 1063 1714 7 624 478 1223 770 1728 609 1473 408 721 962 1763 52 811 645 1120 775 1489 733 1430 696 982 986 1161 680 951 884 2001 835 1568 633 1319 494 1107 28 788 206 492 796 1203 509 579 212 1291 932 2121 713 1554 835 835 495 1436 613 1265 569 1464 1049 1844 177 657 1122 1185 1 536 95 344 843 1060 771 1292 652 1283 659 1805 844 1769 728 1814 377 536 558 874 888 961 1128 1557 1057 1555 279 486 685 1495 573 734 446 1461 931 1702 357 1436 935 1227 143 1264 1206 2158 434 1300 448 1286 1087 1357 1036 1805 
100
1070
645
2163
2212
1158
400
2195
1442
1243
1079
26
1916
2299
1522
490
358
2276
179
1558
574
2386
1133
1364
158
1003
1804
85
337
2180
1326
278
1266
327
360
1010
700
1131
2011
33
814
553
446
1595
1831
560
934
2428
1638
1355
2178
48
1234
1315
360
682
1656
1241
1588
686
2214
603
829
312
271
42
1338
721
20
2115
2460
652
1795
447
2109
2454
1235
1793
1120
1166
693
316
645
761
2118
2399
1451
439
2266
368
947
1343
1293
1408
856
1633
2493
2236
492
1172
1327

500
1 5000 5000 5000 2298 4528 932 3091 892 2612 1837 4072 1043 1948 67 1914 357 902 2287 3196 1495 1981 70 1606 761 1149 2282 2429 1343 2918 1361 1865 1801 2777 2431 4441 1869 3035 940 3372 913 3157 890 3009 1945 3562 1201 1593 570 2837 2024 4428 2273 3773 1916 3646 1375 1466 1001 1156 1757 2537 1981 3801 1249 3073 34 921 1051 2143 1352 2095 182 1445 740 3152 1119 2422 348 1624 1389 2002 546 1443 1904 3682 2485 4256 360 1252 2103 4496 341 1782 1901 2229 815 1965 65 102 676 3083 777 1829 1015 2050 1651 2412 630 962 1537 2216 984 1513 1907 2267 284 2724 1623 3796 130 353 2368 3486 835 1249 2336 4058 2021 2065 124 1893 432 1584 675 1378 632 2003 1222 3577 1204 1351 2007 3847 909 1727 2286 2910 1413 2154 1017 1083 1938 3174 1187 1301 1239 3396 1959 3680 2121 3502 2471 4376 2020 4491 1201 2769 580 1995 759 2148 616 1397 1591 3608 425 965 914 1347 468 1990 257 885 1348 3028 822 1717 1466 3038 649 2061 203 1617 891 2460 1259 3582 184 1103 1424 3303 277 860 1339 1637 2033 2609 287 1063 709 1789 1068 1639 2163 2248 1647 2273 876 1416 1463 2850 1675 3947 1397 1738 1082 2990 1253 1646 1671 2155 2096 2399 2496 3450 1819 4277 1948 3487 2166 2302 1174 1530 2294 3077 1088 3578 132 1766 1445 3755 2222 4202 2440 2706 2109 4117 997 3463 2491 3455 187 1769 252 2156 1212 2530 455 1971 1112 1608 157 675 1956 3917 360 1543 2228 2803 363 483 281 1320 1852 2781 217 377 625 3002 572 2108 1015 1697 963 3262 403 1143 2301 4610 1103 1476 1946 4274 2201 3598 233 589 1856 2559 2362 2454 404 1620 1740 3531 756 1314 297 2128 747 1529 664 2381 1036 1053 1568 2097 351 548 2215 3092 483 2563 530 1533 2426 3475 1448 2924 30 388 1195 2620 1831 2313 78 1390 1802 2827 2165 3744 2355 2713 1047 1540 883 2836 1602 2224 1334 1596 794 1308 1972 4170 1295 3560 2259 4593 1917 3515 1616 2949 678 696 55 2054 143 1895 1562 3282 384 2168 215 2208 1194 3231 2186 4473 1824 3660 745 2364 830 1361 893 2624 178 344 1854 3202 1752 3205 368 755 548 1919 2458 2991 2211 2970 2281 2672 1491 2473 637 2361 2282 3199 2187 4202 1018 1414 855 1859 1003 2691 1935 3329 630 764 2037 2268 1945 3959 1325 2755 1768 3379 794 1068 774 1226 934 2049 1470 2730 2418 4799 621 2448 97 2506 1677 3151 1458 1720 901 1767 2324 4529 388 456 633 2737 216 2428 1787 1886 1262 1934 2431 3308 508 2139 1645 2241 1732 2476 1702 3300 2121 3554 229 317 1125 3519 1556 2071 968 3464 1926 3507 359 2057 2142 3244 2373 4348 2291 4640 1240 2356 2419 2777 2009 2054 1547 1957 1701 3337 1729 3291 872 2307 865 2202 109 545 990 1235 556 2426 2004 2853 1564 3414 2399 4847 1696 2008 1708 3890 1360 3152 1600 3178 2005 3063 1219 3387 1586 1904 770 1843 2008 2104 716 2131 2037 3897 2055 2830 2181 3002 295 1174 546 680 1598 2059 2277 3079 1074 1633 494 2299 1456 1819 20 1396 793 2200 2367 4347 1634 3485 1795 3887 2458 3610 2182 3247 1797 2666 1587 3012 1302 3545 134 518 933 1039 920 2113 1337 2016 923 1380 2004 3159 2295 4256 2397 3604 155 582 1117 2317 2003 3619 560 1257 972 1205 1258 2293 571 2851 401 1412 1375 3748 1261 2757 369 2867 2130 4546 438 991 2047 3760 320 329 432 2135 1087 2355 615 687 2039 3006 433 2146 2454 4053 1147 2881 815 3223 872 1809 618 811 1937 2297 2040 3289 1348 1691 2420 2869 580 2480 968 1602 1553 2849 1530 3687 1148 3636 1378 2760 937 2779 701 2263 1756 2920 1024 1041 480 2597 1619 3591 1055 1631 617 1666 1980 3923 1525 3206 266 857 215 1498 1212 2589 2065 3168 1227 2526 1454 2970 2392 3937 1180 2055 1869 1992 1826 3288 36 869 1849 3599 1677 3351 1469 3959 480 2174 1196 3096 70 361 346 363 1054 1513 299 2452 1841 2762 1478 2679 2407 3868 1420 2879 293 1806 1678 2625 364 1955 516 1239 212 2657 1074 1142 1582 2867 1993 2549 1628 3817 87 757 494 2520 1437 3694 2394 4544 1301 3215 1065 1436 1640 1752 1790 3922 130 1159 1248 1611 2009 2988 580 3009 2161 2457 1077 1792 2077 3641 1463 2885 1391 1633 2344 3389 54 356 650 3040 229 1391 206 2005 2177 2716 494 2230 1692 2311 2021 2120 2124 3913 1128 3478 1522 3004 1718 3583 2232 3251 2429 3297 1519 2787 2136 2618 2255 4378 928 2821 33 2267 1199 2615 874 1050 2457 3800 366 1252 1098 2095 940 2703 2142 2675 574 2779 1887 3162 2433 3800 2264 2769 1357 1853 751 2293 387 989 1917 3197 477 1862 987 2855 2268 4154 557 1883 1342 3235 599 956 1518 1829 1836 2605 891 2888 1446 1554 48 450 437 1129 399 2522 4 616 715 884 237 2066 1673 2724 2166 3134 1739 2330 1348 3526 1930 3734 861 1038 445 1776 1059 1076 1418 2748 2107 2605 603 3076 2308 2585 1395 1435 2279 4289 667 2277 304 2026 169 1690 2024 2999 1045 2031 311 1929 676 2096 643 825 761 1014 126 925 1316 3569 1664 2290 503 631 2108 3373 727 2666 2177 3746 1410 3829 2318 3440 109 1851 2422 2629 2353 3491 1874 3756 1862 4082 1617 1792 1124 3618 511 1837 1647 2685 1615 1790 243 498 1766 3584 1358 3047 444 2348 2096 2997 530 2999 1569 1844 1951 2155 525 534 
500
3029
4090
2042
2649
2811
3622
3900
4534
756
2826
3525
1476
2683
3967
4356
1614
4490
626
1835
3898
1482
4116
582
1436
2749
3136
4169
1119
2991
2740
1741
3625
4099
3814
1146
610
482
4540
4505
1801
1710
552
144
2483
4141
3886
3617
3825
880
2636
2140
3916
2595
1389
280
4632
3975
3009
4417
3818
2731
2565
1075
312
2210
3650
4548
2035
3477
93
2784
1611
2337
1034
4486
1
19
2774
872
784
4672
4672
4224
4625
4033
2258
2261
333
1604
258
2181
2957
1454
1903
1308
924
3740
3011
3275
2833
48
3772
1700
2248
4768
526
3865
1310
1819
4905
1821
4590
4045
1810
3658
4805
3162
40
457
1326
2543
4318
817
1803
3364
4736
1662
2602
2517
4715
787
759
1304
38
4298
3171
217
4687
3263
1897
3184
1155
997
3905
268
4782
3808
4491
3674
3075
1578
2817
4117
2265
2113
345
3401
530
541
4214
4499
4544
3519
594
2792
558
2565
3866
2366
1345
4763
4518
591
1490
3011
2611
961
3752
2869
1919
4179
3222
1689
1169
4995
3559
1369
4898
2538
1209
2700
3020
4536
4757
2709
3373
1780
2242
2066
1392
4660
3024
3192
1624
4115
4632
4084
4874
1232
1157
3229
2454
451
3286
1781
3081
3218
60
4181
1443
2306
2571
4368
936
4633
2054
2968
4052
2336
4571
4829
352
2239
4432
3156
2836
4824
3913
932
1776
2749
176
3363
4843
1629
727
1007
2151
3985
4492
3233
863
1861
1842
820
3165
4290
320
4972
1340
3529
3200
2593
1567
3178
1070
2802
3877
3730
2066
1006
2874
2571
917
421
1627
3445
4764
2286
1933
3986
3364
442
3858
4688
4282
2445
3321
3279
4693
437
3257
3538
4323
1426
3978
986
93
4926
2855
3590
4079
4430
4332
3975
4528
214
2817
3400
3418
443
856
4963
3871
4642
3169
133
928
2598
3614
3268
3539
543
805
4999
4369
3997
2139
3851
3648
219
4359
4687
1292
937
746
2981
1373
602
1561
2545
1773
4605
396
301
4184
4630
3175
3771
4432
1372
1410
1876
3629
2718
486
3277
1285
2806
3303
273
4341
559
1841
2521
4372
3219
1536
2689
784
4709
656
1516
2752
1246
229
3143
1909
3027
456
2459
4286
2507
1919
2468
3631
869
4512
710
3564
1480
1442
1040
719
4973
519
4761
4420
2855
3858
2094
694
515
4281
4117
600
1074
1519
4164
3626
4395
913
2827
2309
2565
1314
4080
813
2907
3510
809
330
4736
4503
2459
4635
4169
3984
353
2008
2250
1971
2177
4913
1
4769
2857
2689
3878
422
2879
3953
4467
1365
4045
2650
961
2744
4251
2939
4665
988
175
923
3289
4964
1063
515
1519
4141
4127
3939
1847
4353
3230
1111
2240
2579
555
2270
309
261
1741
1239
384
3121
1192
2457
2649
1411
1715
957
3700
695
4438
4322
1488
3612
1736
2989
4771
4332
1255
3354
2003
4559
529
4139
3479
83

150
1021 1021 296 296 922 922 350 456 1187 1285 382 1013 173 418 698 1408 248 1190 356 712 235 335 172 420 653 1120 996 1975 1200 1975 62 134 1103 1822 548 716 860 1221 266 1362 954 1229 363 511 145 285 666 1665 35 922 349 1439 1176 1544 1020 1049 317 886 1232 2129 1152 1246 457 1561 128 221 1101 1858 634 1425 366 1402 1220 1533 31 695 1100 1632 741 887 1153 2232 1181 1550 587 1100 488 520 904 1929 975 2139 488 965 701 1199 18 453 389 701 30 819 771 1336 897 1631 98 1065 837 1923 1224 1748 224 686 56 1217 481 853 850 2052 228 1037 320 1235 868 1755 196 1078 381 977 855 1124 1172 1634 434 1123 313 1320 201 559 602 1139 546 1154 700 732 302 1471 355 417 1098 1275 822 1937 506 1439 785 1870 569 1191 1008 2118 1117 2316 19 363 517 1229 613 1816 1225 1777 803 1511 643 1608 239 1145 232 555 1232 1430 419 560 594 1333 445 893 140 1362 1 1102 848 1496 774 1391 667 1682 671 1274 149 363 73 1316 673 1343 225 285 880 1204 1069 1691 876 1606 493 554 788 975 962 1020 412 1530 733 1587 1048 1318 101 1256 700 1878 968 1746 847 1004 554 1523 1033 2201 262 1392 742 1303 595 1486 278 1301 492 726 421 1117 636 1606 196 798 1153 1593 397 876 523 1309 199 937 1018 1357 942 1201 1054 2053 1228 2177 368 1493 100 1328 633 1699 75 604 1012 2124 219 1277 204 260 928 1446 230 1154 262 720 687 1488 91 425 358 723 496 1004 958 1524 
80
1021
85
2438
1458
341
1906
1947
40
1292
731
1335
2384
529
1788
1330
1699
1111
1188
1547
1189
2171
2438
2369
99
132
2315
497
1638
2419
155
583
2391
1376
330
1484
1094
1190
2090
730
1875
1713
355
355
2408
971
1682
1945
513
1428
1935
1063
2041
2257
17
1425
22
641
1296
1087
837
2103
1660
728
2479
2214
1384
2194
1344
462
1598
1161
843
175
2234
596
1519
2437
1350
873
922

200
107 1120 157 1810 421 986 471 1743 987 1204 1037 1852 481 1368 531 1934 884 1293 934 1896 144 698 194 1599 662 1323 712 1911 857 1624 907 2062 930 2089 980 2294 322 649 372 1574 564 891 614 1695 205 1002 255 1751 1063 1701 1113 2100 197 1428 247 1964 1206 1758 1256 2129 1132 1567 1182 2033 1116 1473 1166 1986 650 1440 700 1970 710 731 760 1615 115 440 165 1470 191 708 241 1604 44 461 94 1480 477 1243 527 1871 174 461 224 1480 519 1434 569 1967 590 1396 640 1948 1056 1263 1106 1881 69 232 119 1366 1203 1209 1253 1854 1098 1789 1148 2144 510 1720 560 2110 246 1384 296 1942 1223 1551 1273 2025 1078 1099 1128 1799 1240 1639 1290 2069 339 540 389 1520 1117 1560 1167 2030 428 1301 478 1900 1080 1666 1130 2083 272 892 322 1696 1050 1856 1100 2178 620 1732 670 2116 113 224 163 1362 866 1930 916 2215 148 935 198 1717 431 1424 481 1962 558 1537 608 2018 305 561 355 1530 979 1996 1029 2248 198 1427 248 1963 546 583 596 1541 472 1499 522 1999 1178 1343 1228 1921 843 1462 893 1981 156 421 206 1460 1137 1442 1187 1971 140 1105 190 1802 667 1224 717 1862 57 96 107 1298 167 468 217 1484 969 1157 1019 1828 400 766 450 1633 1002 2032 1052 2266 29 184 79 1342 520 862 570 1681 611 1540 661 2020 758 2002 808 2251 844 1277 894 1888 537 1133 587 1816 198 1211 248 1855 843 1463 893 1981 85 729 135 1614 1048 2041 1098 2270 767 1405 817 1952 634 965 684 1732 626 1136 676 1818 205 1169 255 1834 1202 1657 1252 2078 1217 1897 1267 2198 664 1911 714 2205 1163 2121 1213 2310 1106 1650 1156 2075 276 521 326 1510 569 1297 619 1898 814 1717 864 2108 401 1299 451 1899 939 1569 989 2034 958 1467 1008 1983 549 931 599 1715 770 1335 820 1917 718 1720 768 2110 735 1208 785 1854 569 1060 619 1780 287 1396 337 1948 1175 2186 1225 2343 853 853 903 1676 721 1075 771 1787 445 948 495 1724 1084 1896 1134 2198 988 1833 1038 2166 
150
1962
1051
1430
2050
232
45
34
1846
1347
833
464
89
1627
1818
1233
2234
1059
853
1729
1915
1666
1343
734
2316
1003
1690
2059
1643
1206
592
1681
1498
1328
614
1753
1304
686
1935
1572
251
1427
201
1455
1072
488
201
618
182
1594
594
158
472
1038
532
935
195
713
908
981
373
615
256
1114
248
1257
1183
1167
701
761
166
242
95
528
225
570
641
1107
120
1254
1149
561
297
1274
1129
1291
390
1168
479
1131
323
1101
671
164
917
199
482
609
356
1030
249
597
523
1229
894
207
1188
191
718
108
218
1020
451
1053
80
571
662
809
895
588
249
894
136
1099
818
685
677
256
1253
1268
715
1214
1157
327
620
865
452
990
1009
600
821
769
786
620
338
1226
904
772
496
1135
1039

150
1774 2478 453 1774 252 1465 613 763 167 218 1131 2044 43 1155 724 1588 800 1060 902 1443 363 404 1064 1576 232 519 1233 1452 88 568 1016 2261 1228 1264 359 531 177 1102 841 1569 281 566 256 813 1119 2202 172 1185 800 1660 1161 1613 906 1263 306 689 824 1114 85 987 506 1684 462 1131 739 946 1243 1641 1169 1197 396 736 52 512 390 1362 1099 1619 842 2023 769 1317 424 1599 276 896 619 1846 40 134 177 664 402 546 547 644 1208 2092 781 1169 800 1320 1199 1813 821 1942 610 612 425 585 1211 2156 896 1055 868 1190 115 1081 1012 1712 135 1108 200 628 1205 2179 523 1029 502 1304 755 1883 434 931 299 569 1115 2093 692 727 1082 1474 967 1318 775 1948 962 1457 125 1121 457 1598 385 711 183 630 225 1177 622 1476 83 221 1110 1342 34 382 784 1616 651 981 327 1353 686 1124 272 909 992 1525 159 903 673 1155 184 1410 1135 2213 415 506 1186 1293 1238 1936 323 1535 334 1569 1118 2217 605 1195 827 1087 491 1604 211 389 440 1348 7 689 314 662 1190 1610 780 945 47 1128 697 1905 260 513 149 468 149 714 916 1781 104 140 468 1445 841 894 1041 1227 1184 1254 1093 2069 885 1933 1020 2251 336 1259 987 2029 424 1130 1024 2184 165 737 266 459 342 1206 506 1308 757 1291 382 1413 115 174 35 482 906 1384 823 2020 588 1790 216 509 811 1190 1212 1953 163 404 199 480 1236 2341 1167 1739 661 1289 453 1195 162 1113 245 1038 805 1384 856 1208 
80
1774
453
141
1092
1902
1820
881
984
922
1881
310
1972
1821
2360
899
367
1037
2239
2122
1123
525
616
777
1530
1173
325
645
1302
1766
1227
2380
1260
1972
1545
1469
2490
1286
1117
2210
833
1890
2157
1282
1505
1322
931
621
1548
359
215
721
1282
628
2387
2211
1492
467
1566
991
165
272
2054
1540
538
1231
791
1724
2471
2369
904
45
1517
1707
2084
1614
1575
31
279
60
733

