6
10
25 42 5 29 7 32 6 41 28 62 43 62 41 58 11 45 45 81 23 54 
5
53
21
51
90
7

25
37 54 123 197 106 136 30 82 31 76 63 104 46 89 32 152 112 212 82 135 34 138 22 81 76 107 94 156 22 75 88 207 107 216 98 99 10 101 51 130 23 38 28 41 43 138 63 150 13 95 
25
247
24
43
35
68
214
62
233
52
59
175
23
76
92
18
236
34
223
100
232
93
87
138
177
126

50
1 500 500 500 214 414 10 135 48 225 7 245 66 144 187 311 231 439 156 238 244 287 247 334 55 104 174 266 156 316 186 242 158 297 234 340 171 321 61 138 19 267 243 319 150 222 55 157 80 257 20 36 134 350 32 150 150 295 92 125 97 222 81 204 149 277 100 302 4 113 194 213 132 317 69 150 46 83 80 142 6 154 241 356 11 160 70 295 240 331 232 474 189 362 21 256 48 275 142 205 
50
239
466
313
245
451
165
62
202
399
80
84
271
423
183
317
6
484
290
76
386
386
11
138
370
380
111
110
396
281
182
331
398
122
60
395
275
185
201
185
333
33
305
395
347
88
448
278
306
290
373

15
176 176 154 154 47 47 50 231 50 122 125 183 146 284 54 237 120 289 192 274 85 174 35 40 55 111 72 89 159 319 
8
176
301
110
75
343
43
248
47

20
150 202 200 301 156 219 206 309 115 290 165 345 67 126 117 263 129 327 179 363 164 230 214 315 1 25 51 212 114 210 164 305 130 210 180 305 7 73 57 236 
15
60
224
78
143
235
201
207
166
118
180
215
52
165
181
58

15
163 247 75 163 140 229 181 318 84 237 91 183 46 83 65 187 51 65 182 356 195 350 86 214 153 314 178 213 45 238 
8
163
278
195
316
78
387
241
218

