100
167339 0 667 1
701419 433696 284 4545
319177 117257 557 4013
602974 84734 698 1508
0 336710 538 1
271277 377171 400 9160
445916 584289 956 9941
8852 388944 704 9966
404004 209123 186 1397
74917 571248 984 7058
187933 477982 834 5515
562702 302633 934 9993
597261 760648 249 8940
482483 26490 481 9967
0 0 10 5
188180 362797 278 9931
557173 798286 378 2608
868608 923461 654 9981
713497 302389 585 9973
304994 318156 284 565
579634 442412 292 7009
332435 109068 996 9959
177703 99060 81 9948
47725 894096 697 6275
140453 965872 130 2443
958918 345883 458 2131
588573 378958 447 609
491803 265595 419 9971
744405 914168 658 5923
431657 224059 901 9988
356470 432841 293 9934
0 758642 853 7836
721002 289838 358 9929
74748 45977 152 9936
153200 278195 983 9924
0 0 285 1
0 0 1000 10000
0 0 100 199
701730 125629 206 9983
27981 371367 231 9561
427785 797197 401 8216
72177 450892 523 1614
130934 516305 753 1132
444718 703323 51 3118
296834 775049 25 1544
836127 306726 811 3011
995154 10411 671 9942
405715 870565 313 9804
145577 677891 982 4035
302994 12082 416 9954
877481 660750 850 1971
72783 714193 654 9901
554636 340323 402 1626
742650 114312 134 9931
778001 148758 273 5251
877303 722326 622 9928
845585 276193 569 9959
494566 557283 790 9929
565477 309437 237 9907
643053 991095 399 1452
127801 301829 572 4250
981842 634095 485 9965
786366 303829 998 5766
210684 944111 737 9924
347047 477529 761 5917
220692 564026 769 9981
638941 152721 493 9961
141803 770858 220 9918
339201 342161 877 9952
0 0 840 9159
915781 853558 929 9929
243650 421055 853 5673
163295 614347 704 9940
35879 611752 393 9998
965473 690779 191 3449
41207 896541 166 9940
866963 536650 223 6067
494790 143712 860 4990
961964 969836 166 5250
77415 907622 3 9958
458202 0 648 1
238836 301019 353 2043
596555 0 188 7146
68519 658444 478 524
172075 769939 492 5115
310438 385651 130 7997
630463 262759 291 2069
940452 527040 286 9914
562321 57643 352 6400
620286 762811 526 9942
46275 788604 752 9911
316522 881674 786 9943
616204 957090 387 9936
784389 634974 163 9974
442780 907115 401 4566
943582 923034 159 9571
888376 524970 922 9958
484972 333784 200 9970
306282 245124 784 9915
306007 680486 651 9928
