100
132
1000
7
111111111111111110
52233344555577889
11213455578
441
112344556994475697
11112244441
290752954014001643
1110109208
3123444578
4123345689
319078819330167357
729464470438415066
56497687766494867
531309546354305306
812233344455677888
338
23755577788899
31113456667900
998785093824284001
307966583387361360
661400997472920416
1111111012
112222132449759484
11111111222220366
82223345667778888
1737397363
12233335566557955
201939802410664807
36556667888899
9899999999
497897495749774791
11156888899945
16890335899
1113123666
206
134881440096862376
18099857461
76766679878787
8
83
952517863572053653
1000000000000000000
269090516837409607
1122233317
11111111111111106
364162038890924619
900901988555113906
1
32999999999999
1111111110
941721579920721938
405592356612716516
76999999999999999
235683911930341210
13444556736
65999999999
71222335677887
585797590520470246
11223555527349
704276516572886869
109999999999999999
359268530677407719
73334445677888999
141244455556688899
76
207224293494964588
870614541780094049
112344444555666900
804655777964741391
748645996657567575
703694394993403637
11111111111111110
167995856995777657
879
11111334566789
111112223344455503
23444422578
999999999999999999
246
11222255519443347
31111134557788898
81446667900
41223336888
93345677779
82
8389648799
340
33556666899
439119571286482627
45
412223334557778899
257708970528993425
32
12551123444679
5224567890
11111122223330
899889122355696633
