100
110773079607528314
921976714047386993
926824651452863172
220907335980956618
308229087299038867
197444121743978715
902040548566321775
14662732068232557
65536
468238102262455028
348795165802724217
927600165742984913
950798452134347929
222023730031175322
766900509380973895
906150500548593491
99655578006285358
450573916311764153
996155824001560464
83173248616541424
488722182881896796
327756357474013835
1
937158698414834064
538590989955253094
159221872792272221
587316270490900800
657668829706564498
938648259060513111
200295802849766052
487027631163506751
1048576
96086727781502983
213268763501272893
72509132486752463
701423430127567170
933316130260347144
702195489465000574
433282897669858872
96147144910202586
290230743191618968
147306299227931159
988025655809758761
369019691512967127
939966740662343102
525934838531140283
976884073177363898
746828985221632181
2
510137061014023235
138519679747505275
1125899906842624
67108864
983519591351818189
145067091417600476
2048
902359661886634617
252744280122344403
247986068076325302
23056579049984289
971059756203841619
951247985468017175
992273534419644154
900601595336575449
929577411320295678
139887494091628462
952151839225287005
943763438281410393
723465622850877794
10
513669080823341780
434869574230812696
47825696483849359
459374002876393854
51117733750700920
928749845405193630
974175173028696919
254453264770975249
566542081050530992
980060082571540885
128
714572554914529963
101903442019805000
910509714262410539
833489384530960683
159806432260827185
599430948824562660
416229355035355584
600530898088096052
129701620520798275
182569867050215829
690156135907083793
3
652925727356047591
977654328359551304
180249799688771941
829276186673698544
956338826697503847
571776495202099089
119840089723460280
