100
28314
86993
93172
56618
38867
78715
91775
32557
4096
55028
24217
94913
47929
75322
73895
93491
85358
64153
90464
41424
96796
13835
1
34064
53094
72221
800
64498
13111
66052
6751
4096
2983
72893
52463
67170
47144
574
58872
2586
18968
31159
98761
67127
43102
40283
93898
32181
2
23235
5275
1024
32768
98189
476
4
94617
44403
25302
84289
41619
97175
94154
95449
95678
28462
97005
90393
77794
10
41780
12696
49359
93854
920
93630
96919
75249
30992
90885
4096
29963
5000
10539
60683
27185
62660
55584
96052
98275
15829
83793
3
47591
91304
71941
98544
93847
99089
60280
